0.9623930E-03   0.5458525E-03   0.3149291E-03   0.9646984E-04  -0.5549900E-04  -0.1917558E-03  -0.3274774E-03  -0.3989669E-03  -0.4688011E-03
0.5458525E-03   0.5842670E-03   0.3025306E-03   0.1222328E-03  -0.1907429E-04  -0.1368637E-03  -0.2622069E-03  -0.3332308E-03  -0.3953602E-03
0.3149291E-03   0.3025306E-03   0.3518502E-03   0.1332117E-03   0.9394782E-05  -0.7846701E-04  -0.1750518E-03  -0.2436551E-03  -0.2962856E-03
0.9646984E-04   0.1222328E-03   0.1332117E-03   0.2286367E-03   0.5546272E-04  -0.1544715E-04  -0.9203686E-04  -0.1419595E-03  -0.1871515E-03
-0.5549900E-04  -0.1907429E-04   0.9394782E-05   0.5546272E-04   0.1824978E-03   0.3043510E-04  -0.1490364E-04  -0.4257790E-04  -0.7037510E-04
-0.1917558E-03  -0.1368637E-03  -0.7846701E-04  -0.1544715E-04   0.3043510E-04   0.1801045E-03   0.6777190E-04   0.5583897E-04   0.4795867E-04
-0.3274774E-03  -0.2622069E-03  -0.1750518E-03  -0.9203686E-04  -0.1490364E-04   0.6777190E-04   0.2572452E-03   0.1747884E-03   0.1862096E-03
-0.3989669E-03  -0.3332308E-03  -0.2436551E-03  -0.1419595E-03  -0.4257790E-04   0.5583897E-04   0.1747884E-03   0.3517208E-03   0.2875340E-03
-0.4688011E-03  -0.3953602E-03  -0.2962856E-03  -0.1871515E-03  -0.7037510E-04   0.4795867E-04   0.1862096E-03   0.2875340E-03   0.4943756E-03
