0.8433658E-03   0.4271104E-03   0.2371403E-03   0.8691797E-04  -0.6079044E-04  -0.1652536E-03  -0.2615093E-03  -0.3314559E-03  -0.3776278E-03
0.4271104E-03   0.5005607E-03   0.2245392E-03   0.9543450E-04  -0.3251878E-04  -0.1197618E-03  -0.2116028E-03  -0.2658898E-03  -0.3057615E-03
0.2371403E-03   0.2245392E-03   0.3346773E-03   0.1074468E-03   0.9746297E-05  -0.7401649E-04  -0.1459598E-03  -0.2005080E-03  -0.2351277E-03
0.8691797E-04   0.9543450E-04   0.1074468E-03   0.2350765E-03   0.4054189E-04  -0.2661587E-04  -0.8311281E-04  -0.1299733E-03  -0.1546862E-03
-0.6079044E-04  -0.3251878E-04   0.9746297E-05   0.4054189E-04   0.2092491E-03   0.2293679E-04  -0.6926510E-05  -0.3919796E-04  -0.6281523E-04
-0.1652536E-03  -0.1197618E-03  -0.7401649E-04  -0.2661587E-04   0.2293679E-04   0.1912886E-03   0.6073243E-04   0.4310152E-04   0.3939132E-04
-0.2615093E-03  -0.2116028E-03  -0.1459598E-03  -0.8311281E-04  -0.6926510E-05   0.6073243E-04   0.2445697E-03   0.1294427E-03   0.1370334E-03
-0.3314559E-03  -0.2658898E-03  -0.2005080E-03  -0.1299733E-03  -0.3919796E-04   0.4310152E-04   0.1294427E-03   0.3410371E-03   0.2238997E-03
-0.3776278E-03  -0.3057615E-03  -0.2351277E-03  -0.1546862E-03  -0.6281523E-04   0.3939132E-04   0.1370334E-03   0.2238997E-03   0.4229641E-03
