0.4881947E-03   0.2724544E-03   0.1518584E-03   0.5100415E-04  -0.2844394E-04  -0.1012490E-03  -0.1593170E-03  -0.2020128E-03  -0.2353053E-03
0.2724544E-03   0.3038653E-03   0.1456189E-03   0.6229356E-04  -0.1389260E-04  -0.7408058E-04  -0.1261523E-03  -0.1687630E-03  -0.1982154E-03
0.1518584E-03   0.1456189E-03   0.1821379E-03   0.6697996E-04   0.9684756E-05  -0.4291095E-04  -0.9086843E-04  -0.1234398E-03  -0.1454045E-03
0.5100415E-04   0.6229356E-04   0.6697996E-04   0.1296968E-03   0.2564802E-04  -0.1100425E-04  -0.5079725E-04  -0.7361465E-04  -0.9551361E-04
-0.2844394E-04  -0.1389260E-04   0.9684756E-05   0.2564802E-04   0.9778242E-04   0.1693896E-04  -0.7164560E-05  -0.1994632E-04  -0.3682029E-04
-0.1012490E-03  -0.7408058E-04  -0.4291095E-04  -0.1100425E-04   0.1693896E-04   0.1055918E-03   0.3754846E-04   0.2918442E-04   0.2489450E-04
-0.1593170E-03  -0.1261523E-03  -0.9086843E-04  -0.5079725E-04  -0.7164560E-05   0.3754846E-04   0.1360593E-03   0.8194422E-04   0.9072172E-04
-0.2020128E-03  -0.1687630E-03  -0.1234398E-03  -0.7361465E-04  -0.1994632E-04   0.2918442E-04   0.8194422E-04   0.1900817E-03   0.1412154E-03
-0.2353053E-03  -0.1982154E-03  -0.1454045E-03  -0.9551361E-04  -0.3682029E-04   0.2489450E-04   0.9072172E-04   0.1412154E-03   0.2538548E-03
