0.5797420E-03   0.2900139E-03   0.1533369E-03   0.4483289E-04  -0.4681495E-04  -0.1120629E-03  -0.1671895E-03  -0.2250679E-03  -0.2498934E-03
0.2900139E-03   0.3808082E-03   0.1486455E-03   0.5790533E-04  -0.2746775E-04  -0.8927539E-04  -0.1425459E-03  -0.1839667E-03  -0.2059567E-03
0.1533369E-03   0.1486455E-03   0.2514786E-03   0.7004883E-04   0.1117230E-04  -0.5288650E-04  -0.1011948E-03  -0.1425314E-03  -0.1608313E-03
0.4483289E-04   0.5790533E-04   0.7004883E-04   0.1855860E-03   0.2728817E-04  -0.1946528E-04  -0.5685569E-04  -0.8944278E-04  -0.1044806E-03
-0.4681495E-04  -0.2746775E-04   0.1117230E-04   0.2728817E-04   0.1572751E-03   0.1502958E-04  -0.6542893E-05  -0.3203621E-04  -0.4175135E-04
-0.1120629E-03  -0.8927539E-04  -0.5288650E-04  -0.1946528E-04   0.1502958E-04   0.1546220E-03   0.4003740E-04   0.2774469E-04   0.1783153E-04
-0.1671895E-03  -0.1425459E-03  -0.1011948E-03  -0.5685569E-04  -0.6542893E-05   0.4003740E-04   0.1803444E-03   0.8347906E-04   0.8283149E-04
-0.2250679E-03  -0.1839667E-03  -0.1425314E-03  -0.8944278E-04  -0.3203621E-04   0.2774469E-04   0.8347906E-04   0.2551105E-03   0.1486679E-03
-0.2498934E-03  -0.2059567E-03  -0.1608313E-03  -0.1044806E-03  -0.4175135E-04   0.1783153E-04   0.8283149E-04   0.1486679E-03   0.3049105E-03
