0.4373440E-03   0.2028735E-03   0.1110961E-03   0.3478125E-04  -0.1925339E-04  -0.8199330E-04  -0.1279407E-03  -0.1654310E-03  -0.1909539E-03
0.2028735E-03   0.2904773E-03   0.1139333E-03   0.3827213E-04  -0.1470379E-04  -0.6002675E-04  -0.1052981E-03  -0.1400741E-03  -0.1623691E-03
0.1110961E-03   0.1139333E-03   0.1970282E-03   0.4657771E-04  -0.1653197E-06  -0.4345328E-04  -0.7329504E-04  -0.1042772E-03  -0.1183234E-03
0.3478125E-04   0.3827213E-04   0.4657771E-04   0.1440047E-03   0.1397560E-04  -0.1453994E-04  -0.4028690E-04  -0.6216700E-04  -0.7487481E-04
-0.1925339E-04  -0.1470379E-04  -0.1653197E-06   0.1397560E-04   0.1304860E-03   0.6183020E-05  -0.1196280E-04  -0.2721539E-04  -0.3838013E-04
-0.8199330E-04  -0.6002675E-04  -0.4345328E-04  -0.1453994E-04   0.6183020E-05   0.1330893E-03   0.2019569E-04   0.1499266E-04   0.1548074E-04
-0.1279407E-03  -0.1052981E-03  -0.7329504E-04  -0.4028690E-04  -0.1196280E-04   0.2019569E-04   0.1505398E-03   0.6046729E-04   0.6292546E-04
-0.1654310E-03  -0.1400741E-03  -0.1042772E-03  -0.6216700E-04  -0.2721539E-04   0.1499266E-04   0.6046729E-04   0.2035184E-03   0.1079172E-03
-0.1909539E-03  -0.1623691E-03  -0.1183234E-03  -0.7487481E-04  -0.3838013E-04   0.1548074E-04   0.6292546E-04   0.1079172E-03   0.2437423E-03
