0.1011514E-02   0.5790591E-03   0.3629698E-03   0.1671689E-03   0.1072524E-04  -0.1305877E-03  -0.2630695E-03  -0.3567808E-03  -0.4186774E-03  -0.4824485E-03
0.5790591E-03   0.6260614E-03   0.3427487E-03   0.1810049E-03   0.3468429E-04  -0.8732291E-04  -0.2033614E-03  -0.2988814E-03  -0.3494222E-03  -0.4067435E-03
0.3629698E-03   0.3427487E-03   0.3961846E-03   0.1748040E-03   0.5539216E-04  -0.5042276E-04  -0.1421973E-03  -0.2107639E-03  -0.2719025E-03  -0.3215445E-03
0.1671689E-03   0.1810049E-03   0.1748040E-03   0.2982655E-03   0.8262787E-04  -0.3399106E-05  -0.7647560E-04  -0.1442840E-03  -0.1966909E-03  -0.2362103E-03
0.1072524E-04   0.3468429E-04   0.5539216E-04   0.8262787E-04   0.2011310E-03   0.3858501E-04  -0.1443649E-04  -0.5997932E-04  -0.9452939E-04  -0.1246942E-03
-0.1305877E-03  -0.8732291E-04  -0.5042276E-04  -0.3399106E-05   0.3858501E-04   0.1768059E-03   0.4894410E-04   0.2695833E-04   0.6523353E-05  -0.1328335E-04
-0.2630695E-03  -0.2033614E-03  -0.1421973E-03  -0.7647560E-04  -0.1443649E-04   0.4894410E-04   0.2178689E-03   0.1109581E-03   0.1024448E-03   0.1107206E-03
-0.3567808E-03  -0.2988814E-03  -0.2107639E-03  -0.1442840E-03  -0.5997932E-04   0.2695833E-04   0.1109581E-03   0.2976721E-03   0.2045458E-03   0.2169475E-03
-0.4186774E-03  -0.3494222E-03  -0.2719025E-03  -0.1966909E-03  -0.9452939E-04   0.6523353E-05   0.1024448E-03   0.2045458E-03   0.3896415E-03   0.3154367E-03
-0.4824485E-03  -0.4067435E-03  -0.3215445E-03  -0.2362103E-03  -0.1246942E-03  -0.1328335E-04   0.1107206E-03   0.2169475E-03   0.3154367E-03   0.5252624E-03
