0.6081754E-03   0.3125758E-03   0.1791010E-03   0.8168607E-04  -0.2384050E-05  -0.9192565E-04  -0.1391775E-03  -0.1814557E-03  -0.2385088E-03  -0.2565045E-03
0.3125758E-03   0.4119605E-03   0.1670792E-03   0.7987707E-04   0.9135876E-05  -0.6994926E-04  -0.1117317E-03  -0.1562737E-03  -0.1944150E-03  -0.2168638E-03
0.1791010E-03   0.1670792E-03   0.2820733E-03   0.9742629E-04   0.3104104E-04  -0.3064925E-04  -0.8683787E-04  -0.1233693E-03  -0.1576708E-03  -0.1706383E-03
0.8168607E-04   0.7987707E-04   0.9742629E-04   0.2323944E-03   0.4634036E-04  -0.1202448E-04  -0.5527323E-04  -0.8319917E-04  -0.1207891E-03  -0.1291430E-03
-0.2384050E-05   0.9135876E-05   0.3104104E-04   0.4634036E-04   0.1747039E-03   0.1553660E-04  -0.1171758E-04  -0.3882797E-04  -0.6177056E-04  -0.7385948E-04
-0.9192565E-04  -0.6994926E-04  -0.3064925E-04  -0.1202448E-04   0.1553660E-04   0.1592207E-03   0.2694191E-04   0.1562848E-04   0.2774112E-05  -0.2521601E-05
-0.1391775E-03  -0.1117317E-03  -0.8683787E-04  -0.5527323E-04  -0.1171758E-04   0.2694191E-04   0.1946058E-03   0.4634397E-04   0.4976789E-04   0.3948050E-04
-0.1814557E-03  -0.1562737E-03  -0.1233693E-03  -0.8319917E-04  -0.3882797E-04   0.1562848E-04   0.4634397E-04   0.2035157E-03   0.1019631E-03   0.1053213E-03
-0.2385088E-03  -0.1944150E-03  -0.1576708E-03  -0.1207891E-03  -0.6177056E-04   0.2774112E-05   0.4976789E-04   0.1019631E-03   0.2853539E-03   0.1649713E-03
-0.2565045E-03  -0.2168638E-03  -0.1706383E-03  -0.1291430E-03  -0.7385948E-04  -0.2521601E-05   0.3948050E-04   0.1053213E-03   0.1649713E-03   0.3204223E-03
