0.5112624E-03   0.2934876E-03   0.1803207E-03   0.7972577E-04   0.3270176E-05  -0.7201457E-04  -0.1256599E-03  -0.1738265E-03  -0.2125452E-03  -0.2412387E-03
0.2934876E-03   0.3249228E-03   0.1670633E-03   0.8516039E-04   0.1597888E-04  -0.5456303E-04  -0.9803358E-04  -0.1434231E-03  -0.1794085E-03  -0.2031113E-03
0.1803207E-03   0.1670633E-03   0.2135659E-03   0.8928219E-04   0.3460021E-04  -0.2752643E-04  -0.7123194E-04  -0.1139187E-03  -0.1406447E-03  -0.1639329E-03
0.7972577E-04   0.8516039E-04   0.8928219E-04   0.1516557E-03   0.3945916E-04  -0.3743672E-05  -0.3950073E-04  -0.7066096E-04  -0.9608083E-04  -0.1157798E-03
0.3270176E-05   0.1597888E-04   0.3460021E-04   0.3945916E-04   0.1168479E-03   0.1724919E-04  -0.7981387E-05  -0.3308475E-04  -0.4945754E-04  -0.6448206E-04
-0.7201457E-04  -0.5456303E-04  -0.2752643E-04  -0.3743672E-05   0.1724919E-04   0.1040595E-03   0.2447525E-04   0.1651313E-04   0.6568001E-05  -0.1964623E-05
-0.1256599E-03  -0.9803358E-04  -0.7123194E-04  -0.3950073E-04  -0.7981387E-05   0.2447525E-04   0.1264741E-03   0.4953834E-04   0.4932725E-04   0.4870085E-04
-0.1738265E-03  -0.1434231E-03  -0.1139187E-03  -0.7066096E-04  -0.3308475E-04   0.1651313E-04   0.4953834E-04   0.1569281E-03   0.9723522E-04   0.1086449E-03
-0.2125452E-03  -0.1794085E-03  -0.1406447E-03  -0.9608083E-04  -0.4945754E-04   0.6568001E-05   0.4932725E-04   0.9723522E-04   0.2110962E-03   0.1561845E-03
-0.2412387E-03  -0.2031113E-03  -0.1639329E-03  -0.1157798E-03  -0.6448206E-04  -0.1964623E-05   0.4870085E-04   0.1086449E-03   0.1561845E-03   0.2675739E-03
