0.4902381E-03   0.2274879E-03   0.1435657E-03   0.7976351E-04   0.1981340E-04  -0.2894068E-04  -0.7796680E-04  -0.1243353E-03  -0.1520857E-03  -0.1727512E-03  -0.2027355E-03
0.2274879E-03   0.3187789E-03   0.1384643E-03   0.8485946E-04   0.2639842E-04  -0.2126128E-04  -0.5650223E-04  -0.1051821E-03  -0.1272333E-03  -0.1526365E-03  -0.1657189E-03
0.1435657E-03   0.1384643E-03   0.2582819E-03   0.7984489E-04   0.3654507E-04  -0.1440215E-04  -0.4904248E-04  -0.7906969E-04  -0.1007810E-03  -0.1281379E-03  -0.1417210E-03
0.7976351E-04   0.8485946E-04   0.7984489E-04   0.1882949E-03   0.3624356E-04   0.2584185E-05  -0.2588503E-04  -0.5611582E-04  -0.7760161E-04  -0.9501884E-04  -0.1065197E-03
0.1981340E-04   0.2639842E-04   0.3654507E-04   0.3624356E-04   0.1647579E-03   0.1252274E-04  -0.1100231E-04  -0.2728540E-04  -0.4506151E-04  -0.6301071E-04  -0.7209929E-04
-0.2894068E-04  -0.2126128E-04  -0.1440215E-04   0.2584185E-05   0.1252274E-04   0.1554029E-03   0.1029589E-04  -0.3450142E-05  -0.1780685E-04  -0.2669145E-04  -0.3382191E-04
-0.7796680E-04  -0.5650223E-04  -0.4904248E-04  -0.2588503E-04  -0.1100231E-04   0.1029589E-04   0.1540356E-03   0.1909353E-04   0.1168473E-04   0.1355735E-04   0.9011762E-05
-0.1243353E-03  -0.1051821E-03  -0.7906969E-04  -0.5611582E-04  -0.2728540E-04  -0.3450142E-05   0.1909353E-04   0.1663207E-03   0.4803155E-04   0.5193575E-04   0.5571239E-04
-0.1520857E-03  -0.1272333E-03  -0.1007810E-03  -0.7760161E-04  -0.4506151E-04  -0.1780685E-04   0.1168473E-04   0.4803155E-04   0.2021231E-03   0.8391307E-04   0.8444487E-04
-0.1727512E-03  -0.1526365E-03  -0.1281379E-03  -0.9501884E-04  -0.6301071E-04  -0.2669145E-04   0.1355735E-04   0.5193575E-04   0.8391307E-04   0.2323439E-03   0.1269864E-03
-0.2027355E-03  -0.1657189E-03  -0.1417210E-03  -0.1065197E-03  -0.7209929E-04  -0.3382191E-04   0.9011762E-05   0.5571239E-04   0.8444487E-04   0.1269864E-03   0.2813274E-03
