0.9346247E-03   0.4843385E-03   0.3128922E-03   0.1669922E-03   0.5315122E-04  -0.7393207E-04  -0.1591657E-03  -0.2426279E-03  -0.3168306E-03  -0.3668452E-03  -0.3852142E-03
0.4843385E-03   0.5686983E-03   0.2905187E-03   0.1677329E-03   0.6087874E-04  -0.5249710E-04  -0.1123344E-03  -0.2032278E-03  -0.2591157E-03  -0.2976713E-03  -0.3226875E-03
0.3128922E-03   0.2905187E-03   0.4324115E-03   0.1612180E-03   0.7286809E-04  -0.2255267E-04  -0.8670485E-04  -0.1588894E-03  -0.2045600E-03  -0.2452312E-03  -0.2716146E-03
0.1669922E-03   0.1677329E-03   0.1612180E-03   0.3300965E-03   0.8529645E-04   0.1285795E-04  -0.4829096E-04  -0.1036635E-03  -0.1526154E-03  -0.1897105E-03  -0.2087565E-03
0.5315122E-04   0.6087874E-04   0.7286809E-04   0.8529645E-04   0.2489335E-03   0.4781230E-04  -0.8715239E-05  -0.5402322E-04  -0.9671817E-04  -0.1189351E-03  -0.1386595E-03
-0.7393207E-04  -0.5249710E-04  -0.2255267E-04   0.1285795E-04   0.4781230E-04   0.2377590E-03   0.2997723E-04   0.1035661E-04  -0.2089403E-04  -0.3498118E-04  -0.6197933E-04
-0.1591657E-03  -0.1123344E-03  -0.8670485E-04  -0.4829096E-04  -0.8715239E-05   0.2997723E-04   0.2134932E-03   0.5512304E-04   0.3419399E-04   0.3805319E-04   0.2731360E-04
-0.2426279E-03  -0.2032278E-03  -0.1588894E-03  -0.1036635E-03  -0.5402322E-04   0.1035661E-04   0.5512304E-04   0.2525882E-03   0.1161582E-03   0.1102554E-03   0.1085672E-03
-0.3168306E-03  -0.2591157E-03  -0.2045600E-03  -0.1526154E-03  -0.9671817E-04  -0.2089403E-04   0.3419399E-04   0.1161582E-03   0.3379167E-03   0.1861705E-03   0.1888081E-03
-0.3668452E-03  -0.2976713E-03  -0.2452312E-03  -0.1897105E-03  -0.1189351E-03  -0.3498118E-04   0.3805319E-04   0.1102554E-03   0.1861705E-03   0.3956158E-03   0.2587340E-03
-0.3852142E-03  -0.3226875E-03  -0.2716146E-03  -0.2087565E-03  -0.1386595E-03  -0.6197933E-04   0.2731360E-04   0.1085672E-03   0.1888081E-03   0.2587340E-03   0.4716412E-03
