0.1052800E-02   0.6135783E-03   0.3996810E-03   0.2310487E-03   0.5273576E-04  -0.7665863E-04  -0.1791791E-03  -0.3064233E-03  -0.3818563E-03  -0.4359459E-03  -0.4901147E-03
0.6135783E-03   0.6571979E-03   0.3748006E-03   0.2324460E-03   0.7735501E-04  -0.3814394E-04  -0.1358674E-03  -0.2501755E-03  -0.3263224E-03  -0.3653252E-03  -0.4200086E-03
0.3996810E-03   0.3748006E-03   0.4619798E-03   0.2097972E-03   0.8835640E-04  -0.1365551E-04  -0.9425123E-04  -0.1851473E-03  -0.2495707E-03  -0.2988924E-03  -0.3464706E-03
0.2310487E-03   0.2324460E-03   0.2097972E-03   0.3321421E-03   0.1088266E-03   0.1298440E-04  -0.4497609E-04  -0.1278228E-03  -0.1821865E-03  -0.2314286E-03  -0.2652475E-03
0.5273576E-04   0.7735501E-04   0.8835640E-04   0.1088266E-03   0.2347623E-03   0.5949446E-04   0.1555692E-05  -0.5397334E-04  -0.9736489E-04  -0.1380998E-03  -0.1663418E-03
-0.7665863E-04  -0.3814394E-04  -0.1365551E-04   0.1298440E-04   0.5949446E-04   0.2024529E-03   0.3827781E-04   0.3754036E-05  -0.2378359E-04  -0.4092477E-04  -0.6100335E-04
-0.1791791E-03  -0.1358674E-03  -0.9425123E-04  -0.4497609E-04   0.1555692E-05   0.3827781E-04   0.1981036E-03   0.6501610E-04   0.5180603E-04   0.4500288E-04   0.2962909E-04
-0.3064233E-03  -0.2501755E-03  -0.1851473E-03  -0.1278228E-03  -0.5397334E-04   0.3754036E-05   0.6501610E-04   0.2492008E-03   0.1491461E-03   0.1434712E-03   0.1598619E-03
-0.3818563E-03  -0.3263224E-03  -0.2495707E-03  -0.1821865E-03  -0.9736489E-04  -0.2378359E-04   0.5180603E-04   0.1491461E-03   0.3495894E-03   0.2280397E-03   0.2442321E-03
-0.4359459E-03  -0.3653252E-03  -0.2988924E-03  -0.2314286E-03  -0.1380998E-03  -0.4092477E-04   0.4500288E-04   0.1434712E-03   0.2280397E-03   0.4210762E-03   0.3406912E-03
-0.4901147E-03  -0.4200086E-03  -0.3464706E-03  -0.2652475E-03  -0.1663418E-03  -0.6100335E-04   0.2962909E-04   0.1598619E-03   0.2442321E-03   0.3406912E-03   0.5497319E-03
