0.5358825E-03   0.3081191E-03   0.2000472E-03   0.1067972E-03   0.2749058E-04  -0.3735423E-04  -0.9481688E-04  -0.1482671E-03  -0.1890730E-03  -0.2197351E-03  -0.2450360E-03
0.3081191E-03   0.3420646E-03   0.1842705E-03   0.1068168E-03   0.3731712E-04  -0.2402704E-04  -0.7142357E-04  -0.1206965E-03  -0.1567268E-03  -0.1871680E-03  -0.2072717E-03
0.2000472E-03   0.1842705E-03   0.2476718E-03   0.1077061E-03   0.5021409E-04  -0.4920836E-05  -0.5555893E-04  -0.9548433E-04  -0.1291333E-03  -0.1533158E-03  -0.1767408E-03
0.1067972E-03   0.1068168E-03   0.1077061E-03   0.1681341E-03   0.5459435E-04   0.1048994E-04  -0.2361280E-04  -0.6433458E-04  -0.9059929E-04  -0.1129694E-03  -0.1285696E-03
0.2749058E-04   0.3731712E-04   0.5021409E-04   0.5459435E-04   0.1349340E-03   0.2394213E-04   0.6620209E-06  -0.3276793E-04  -0.5296370E-04  -0.6817622E-04  -0.8340979E-04
-0.3735423E-04  -0.2402704E-04  -0.4920836E-05   0.1048994E-04   0.2394213E-04   0.1129023E-03   0.1873846E-04   0.2193057E-05  -0.1061342E-04  -0.1967394E-04  -0.3350606E-04
-0.9481688E-04  -0.7142357E-04  -0.5555893E-04  -0.2361280E-04   0.6620209E-06   0.1873846E-04   0.1184717E-03   0.3576229E-04   0.2454361E-04   0.2279526E-04   0.1598425E-04
-0.1482671E-03  -0.1206965E-03  -0.9548433E-04  -0.6433458E-04  -0.3276793E-04   0.2193057E-05   0.3576229E-04   0.1403652E-03   0.6820410E-04   0.7023224E-04   0.7501022E-04
-0.1890730E-03  -0.1567268E-03  -0.1291333E-03  -0.9059929E-04  -0.5296370E-04  -0.1061342E-04   0.2454361E-04   0.6820410E-04   0.1852868E-03   0.1092746E-03   0.1202386E-03
-0.2197351E-03  -0.1871680E-03  -0.1533158E-03  -0.1129694E-03  -0.6817622E-04  -0.1967394E-04   0.2279526E-04   0.7023224E-04   0.1092746E-03   0.2215118E-03   0.1687304E-03
-0.2450360E-03  -0.2072717E-03  -0.1767408E-03  -0.1285696E-03  -0.8340979E-04  -0.3350606E-04   0.1598425E-04   0.7501022E-04   0.1202386E-03   0.1687304E-03   0.2786503E-03
