0.6431219E-03   0.3277087E-03   0.2009422E-03   0.1054106E-03   0.3016752E-04  -0.5782611E-04  -0.1068881E-03  -0.1642404E-03  -0.1999762E-03  -0.2418300E-03  -0.2641698E-03
0.3277087E-03   0.4290599E-03   0.1926635E-03   0.1011211E-03   0.3503754E-04  -0.4432168E-04  -0.8315897E-04  -0.1384774E-03  -0.1646809E-03  -0.1982957E-03  -0.2214169E-03
0.2009422E-03   0.1926635E-03   0.3217067E-03   0.1158972E-03   0.4877383E-04  -0.1621134E-04  -0.6451333E-04  -0.1109798E-03  -0.1400712E-03  -0.1670126E-03  -0.1842230E-03
0.1054106E-03   0.1011211E-03   0.1158972E-03   0.2450136E-03   0.6305488E-04   0.1164378E-04  -0.3242455E-04  -0.7728225E-04  -0.1036684E-03  -0.1386727E-03  -0.1413608E-03
0.3016752E-04   0.3503754E-04   0.4877383E-04   0.6305488E-04   0.2032708E-03   0.2515990E-04  -0.9808770E-05  -0.3947807E-04  -0.6713118E-04  -0.8520599E-04  -0.9422131E-04
-0.5782611E-04  -0.4432168E-04  -0.1621134E-04   0.1164378E-04   0.2515990E-04   0.1845901E-03   0.2046796E-04   0.7680958E-05  -0.1632645E-04  -0.2799388E-04  -0.3874376E-04
-0.1068881E-03  -0.8315897E-04  -0.6451333E-04  -0.3242455E-04  -0.9808770E-05   0.2046796E-04   0.1745610E-03   0.4144081E-04   0.1687793E-04   0.1980079E-04   0.1329615E-04
-0.1642404E-03  -0.1384774E-03  -0.1109798E-03  -0.7728225E-04  -0.3947807E-04   0.7680958E-05   0.4144081E-04   0.2066380E-03   0.6324147E-04   0.7318058E-04   0.6513776E-04
-0.1999762E-03  -0.1646809E-03  -0.1400712E-03  -0.1036684E-03  -0.6713118E-04  -0.1632645E-04   0.1687793E-04   0.6324147E-04   0.2437586E-03   0.1164563E-03   0.1250165E-03
-0.2418300E-03  -0.1982957E-03  -0.1670126E-03  -0.1386727E-03  -0.8520599E-04  -0.2799388E-04   0.1980079E-04   0.7318058E-04   0.1164563E-03   0.2965565E-03   0.1740423E-03
-0.2641698E-03  -0.2214169E-03  -0.1842230E-03  -0.1413608E-03  -0.9422131E-04  -0.3874376E-04   0.1329615E-04   0.6513776E-04   0.1250165E-03   0.1740423E-03   0.3402869E-03
