0.1105446E-02   0.6548491E-03   0.4465837E-03   0.2711855E-03   0.9502626E-04  -0.1097068E-04  -0.1342799E-03  -0.2478606E-03  -0.3327163E-03  -0.4060245E-03  -0.4569387E-03  -0.4988776E-03
0.6548491E-03   0.7162519E-03   0.4168919E-03   0.2731496E-03   0.1199344E-03   0.9448238E-05  -0.9671229E-04  -0.2000295E-03  -0.2857369E-03  -0.3523217E-03  -0.3848512E-03  -0.4405596E-03
0.4465837E-03   0.4168919E-03   0.5089080E-03   0.2456715E-03   0.1269241E-03   0.2872268E-04  -0.6339404E-04  -0.1483850E-03  -0.2206974E-03  -0.2839888E-03  -0.3283322E-03  -0.3659441E-03
0.2711855E-03   0.2731496E-03   0.2456715E-03   0.3707432E-03   0.1438131E-03   0.4984137E-04  -0.2696161E-04  -0.9775571E-04  -0.1634324E-03  -0.2174384E-03  -0.2600090E-03  -0.2919463E-03
0.9502626E-04   0.1199344E-03   0.1269241E-03   0.1438131E-03   0.2744728E-03   0.7470358E-04   0.1585583E-04  -0.3758588E-04  -0.9595839E-04  -0.1374660E-03  -0.1763268E-03  -0.1976957E-03
-0.1097068E-04   0.9448238E-05   0.2872268E-04   0.4984137E-04   0.7470358E-04   0.2205979E-03   0.4569222E-04   0.9254894E-06  -0.4182324E-04  -0.6397380E-04  -0.9294731E-04  -0.1103539E-03
-0.1342799E-03  -0.9671229E-04  -0.6339404E-04  -0.2696161E-04   0.1585583E-04   0.4569222E-04   0.2024816E-03   0.5574192E-04   0.2450800E-04   0.1558388E-04  -0.1961337E-05  -0.1760778E-04
-0.2478606E-03  -0.2000295E-03  -0.1483850E-03  -0.9775571E-04  -0.3758588E-04   0.9254894E-06   0.5574192E-04   0.2255358E-03   0.9275016E-04   0.9131255E-04   0.8926396E-04   0.9139144E-04
-0.3327163E-03  -0.2857369E-03  -0.2206974E-03  -0.1634324E-03  -0.9595839E-04  -0.4182324E-04   0.2450800E-04   0.9275016E-04   0.2923925E-03   0.1803561E-03   0.1781450E-03   0.1921820E-03
-0.4060245E-03  -0.3523217E-03  -0.2839888E-03  -0.2174384E-03  -0.1374660E-03  -0.6397380E-04   0.1558388E-04   0.9131255E-04   0.1803561E-03   0.3681014E-03   0.2577330E-03   0.2787303E-03
-0.4569387E-03  -0.3848512E-03  -0.3283322E-03  -0.2600090E-03  -0.1763268E-03  -0.9294731E-04  -0.1961337E-05   0.8926396E-04   0.1781450E-03   0.2577330E-03   0.4660644E-03   0.3577319E-03
-0.4988776E-03  -0.4405596E-03  -0.3659441E-03  -0.2919463E-03  -0.1976957E-03  -0.1103539E-03  -0.1760778E-04   0.9139144E-04   0.1921820E-03   0.2787303E-03   0.3577319E-03   0.5722061E-03
