0.6732843E-03   0.3527870E-03   0.2255546E-03   0.1318177E-03   0.4887763E-04  -0.1504320E-04  -0.9633811E-04  -0.1368180E-03  -0.1695606E-03  -0.2228235E-03  -0.2523989E-03  -0.2661716E-03
0.3527870E-03   0.4656085E-03   0.2204119E-03   0.1224667E-03   0.5861885E-04  -0.9014210E-05  -0.7145265E-04  -0.1081316E-03  -0.1542100E-03  -0.1793068E-03  -0.2189869E-03  -0.2337383E-03
0.2255546E-03   0.2204119E-03   0.3441178E-03   0.1317170E-03   0.6942065E-04   0.1139957E-04  -0.5292907E-04  -0.9714008E-04  -0.1224429E-03  -0.1594298E-03  -0.1773075E-03  -0.1899715E-03
0.1318177E-03   0.1224667E-03   0.1317170E-03   0.2782159E-03   0.7631285E-04   0.3443356E-04  -0.1428156E-04  -0.6418244E-04  -0.9321229E-04  -0.1239764E-03  -0.1545794E-03  -0.1589203E-03
0.4887763E-04   0.5861885E-04   0.6942065E-04   0.7631285E-04   0.2249549E-03   0.4133435E-04  -0.2170449E-05  -0.3669558E-04  -0.5805905E-04  -0.8494083E-04  -0.1023196E-03  -0.1157164E-03
-0.1504320E-04  -0.9014210E-05   0.1139957E-04   0.3443356E-04   0.4133435E-04   0.1989502E-03   0.1892388E-04  -0.2522103E-05  -0.2134736E-04  -0.4476399E-04  -0.6043529E-04  -0.6993609E-04
-0.9633811E-04  -0.7145265E-04  -0.5292907E-04  -0.1428156E-04  -0.2170449E-05   0.1892388E-04   0.1828261E-03   0.2633313E-04   0.2177996E-04   0.1764241E-05   0.2128235E-05  -0.2833562E-05
-0.1368180E-03  -0.1081316E-03  -0.9714008E-04  -0.6418244E-04  -0.3669558E-04  -0.2522103E-05   0.2633313E-04   0.2056364E-03   0.5210977E-04   0.4296518E-04   0.4264568E-04   0.3404202E-04
-0.1695606E-03  -0.1542100E-03  -0.1224429E-03  -0.9321229E-04  -0.5805905E-04  -0.2134736E-04   0.2177996E-04   0.5210977E-04   0.2140283E-03   0.8115065E-04   0.8196578E-04   0.8495659E-04
-0.2228235E-03  -0.1793068E-03  -0.1594298E-03  -0.1239764E-03  -0.8494083E-04  -0.4476399E-04   0.1764241E-05   0.4296518E-04   0.8115065E-04   0.2699604E-03   0.1340503E-03   0.1378082E-03
-0.2523989E-03  -0.2189869E-03  -0.1773075E-03  -0.1545794E-03  -0.1023196E-03  -0.6043529E-04   0.2128235E-05   0.4264568E-04   0.8196578E-04   0.1340503E-03   0.3269950E-03   0.1881261E-03
-0.2661716E-03  -0.2337383E-03  -0.1899715E-03  -0.1589203E-03  -0.1157164E-03  -0.6993609E-04  -0.2833562E-05   0.3404202E-04   0.8495659E-04   0.1378082E-03   0.1881261E-03   0.3640316E-03
