0.5184948E-03   0.2460030E-03   0.1606890E-03   0.1000994E-03   0.3188083E-04  -0.5526315E-05  -0.6080988E-04  -0.9867518E-04  -0.1334290E-03  -0.1689515E-03  -0.1742160E-03  -0.2106399E-03
0.2460030E-03   0.3518591E-03   0.1488494E-03   0.9771620E-04   0.4346402E-04   0.6008471E-06  -0.4251608E-04  -0.8029876E-04  -0.1144404E-03  -0.1411962E-03  -0.1608258E-03  -0.1786740E-03
0.1606890E-03   0.1488494E-03   0.2742825E-03   0.9723852E-04   0.4874844E-04   0.6942174E-05  -0.3506095E-04  -0.5890723E-04  -0.9064140E-04  -0.1241200E-03  -0.1362158E-03  -0.1464410E-03
0.1000994E-03   0.9771620E-04   0.9723852E-04   0.2178145E-03   0.4679990E-04   0.1757828E-04  -0.2142420E-04  -0.4494081E-04  -0.7326420E-04  -0.8798799E-04  -0.1110459E-03  -0.1182661E-03
0.3188083E-04   0.4346402E-04   0.4874844E-04   0.4679990E-04   0.1792564E-03   0.2702524E-04  -0.4314685E-05  -0.2216437E-04  -0.4274247E-04  -0.5904553E-04  -0.7465400E-04  -0.8597965E-04
-0.5526315E-05   0.6008471E-06   0.6942174E-05   0.1757828E-04   0.2702524E-04   0.1577536E-03   0.1187391E-04  -0.6040316E-05  -0.2260302E-04  -0.3357082E-04  -0.4825342E-04  -0.5455154E-04
-0.6080988E-04  -0.4251608E-04  -0.3506095E-04  -0.2142420E-04  -0.4314685E-05   0.1187391E-04   0.1489892E-03   0.2096215E-04   0.7860872E-05  -0.2621991E-07  -0.2444717E-05  -0.8696022E-05
-0.9867518E-04  -0.8029876E-04  -0.5890723E-04  -0.4494081E-04  -0.2216437E-04  -0.6040316E-05   0.2096215E-04   0.1674196E-03   0.2944733E-04   0.2581426E-04   0.2350485E-04   0.2656980E-04
-0.1334290E-03  -0.1144404E-03  -0.9064140E-04  -0.7326420E-04  -0.4274247E-04  -0.2260302E-04   0.7860872E-05   0.2944733E-04   0.1872799E-03   0.5606512E-04   0.6631898E-04   0.6246562E-04
-0.1689515E-03  -0.1411962E-03  -0.1241200E-03  -0.8798799E-04  -0.5904553E-04  -0.3357082E-04  -0.2621991E-07   0.2581426E-04   0.5606512E-04   0.2261313E-03   0.9359142E-04   0.1071227E-03
-0.1742160E-03  -0.1608258E-03  -0.1362158E-03  -0.1110459E-03  -0.7465400E-04  -0.4825342E-04  -0.2444717E-05   0.2350485E-04   0.6631898E-04   0.9359142E-04   0.2525925E-03   0.1363258E-03
-0.2106399E-03  -0.1786740E-03  -0.1464410E-03  -0.1182661E-03  -0.8597965E-04  -0.5455154E-04  -0.8696022E-05   0.2656980E-04   0.6246562E-04   0.1071227E-03   0.1363258E-03   0.3043235E-03
