0.5572028E-03   0.3326768E-03   0.2189884E-03   0.1288989E-03   0.5391104E-04  -0.9488396E-05  -0.7388429E-04  -0.1201619E-03  -0.1635835E-03  -0.2001259E-03  -0.2272262E-03  -0.2501929E-03
0.3326768E-03   0.3778059E-03   0.2034494E-03   0.1259552E-03   0.6315090E-04   0.1354837E-05  -0.5735428E-04  -0.9786521E-04  -0.1398852E-03  -0.1709523E-03  -0.1999471E-03  -0.2198748E-03
0.2189884E-03   0.2034494E-03   0.2642397E-03   0.1222605E-03   0.6834618E-04   0.1769311E-04  -0.3647625E-04  -0.8002793E-04  -0.1132557E-03  -0.1425548E-03  -0.1618401E-03  -0.1815029E-03
0.1288989E-03   0.1259552E-03   0.1222605E-03   0.1921460E-03   0.7157679E-04   0.2930173E-04  -0.1471363E-04  -0.4870976E-04  -0.8106376E-04  -0.1104023E-03  -0.1262652E-03  -0.1425385E-03
0.5391104E-04   0.6315090E-04   0.6834618E-04   0.7157679E-04   0.1532517E-03   0.3851716E-04   0.4088120E-05  -0.2360541E-04  -0.5434210E-04  -0.7129881E-04  -0.8874422E-04  -0.1062141E-03
-0.9488396E-05   0.1354837E-05   0.1769311E-04   0.2930173E-04   0.3851716E-04   0.1219774E-03   0.2120636E-04   0.1209700E-05  -0.2108429E-04  -0.3318905E-04  -0.4598636E-04  -0.5824952E-04
-0.7388429E-04  -0.5735428E-04  -0.3647625E-04  -0.1471363E-04   0.4088120E-05   0.2120636E-04   0.1198600E-03   0.2618450E-04   0.1772778E-04   0.9243095E-05  -0.2412986E-10  -0.4729079E-05
-0.1201619E-03  -0.9786521E-04  -0.8002793E-04  -0.4870976E-04  -0.2360541E-04   0.1209700E-05   0.2618450E-04   0.1334741E-03   0.4829575E-04   0.4387293E-04   0.4404577E-04   0.3869904E-04
-0.1635835E-03  -0.1398852E-03  -0.1132557E-03  -0.8106376E-04  -0.5434210E-04  -0.2108429E-04   0.1772778E-04   0.4829575E-04   0.1586347E-03   0.8212791E-04   0.8613944E-04   0.9165367E-04
-0.2001259E-03  -0.1709523E-03  -0.1425548E-03  -0.1104023E-03  -0.7129881E-04  -0.3318905E-04   0.9243095E-05   0.4387293E-04   0.8212791E-04   0.1991395E-03   0.1223468E-03   0.1352305E-03
-0.2272262E-03  -0.1999471E-03  -0.1618401E-03  -0.1262652E-03  -0.8874422E-04  -0.4598636E-04  -0.2412986E-10   0.4404577E-04   0.8613944E-04   0.1223468E-03   0.2426196E-03   0.1790359E-03
-0.2501929E-03  -0.2198748E-03  -0.1815029E-03  -0.1425385E-03  -0.1062141E-03  -0.5824952E-04  -0.4729079E-05   0.3869904E-04   0.9165367E-04   0.1352305E-03   0.1790359E-03   0.2970081E-03
