0.7286594E-03   0.3676270E-03   0.2504580E-03   0.1531540E-03   0.7448101E-04   0.1004785E-04  -0.6977291E-04  -0.1089964E-03  -0.1622795E-03  -0.1844938E-03  -0.2417888E-03  -0.2620724E-03  -0.2755561E-03
0.3676270E-03   0.4722724E-03   0.2396984E-03   0.1406029E-03   0.8112614E-04   0.1175397E-04  -0.4887539E-04  -0.7953439E-04  -0.1362875E-03  -0.1636424E-03  -0.1887459E-03  -0.2167079E-03  -0.2363101E-03
0.2504580E-03   0.2396984E-03   0.3845139E-03   0.1434681E-03   0.8646984E-04   0.3334575E-04  -0.3393641E-04  -0.7480575E-04  -0.1178887E-03  -0.1440061E-03  -0.1694419E-03  -0.1850280E-03  -0.2004498E-03
0.1531540E-03   0.1406029E-03   0.1434681E-03   0.3061694E-03   0.9500752E-04   0.4012676E-04   0.4868300E-05  -0.3971681E-04  -0.8189649E-04  -0.1135896E-03  -0.1420939E-03  -0.1645906E-03  -0.1667369E-03
0.7448101E-04   0.8112614E-04   0.8646984E-04   0.9500752E-04   0.2475903E-03   0.5501679E-04   0.8890233E-05  -0.2369870E-04  -0.6039807E-04  -0.7958674E-04  -0.1054731E-03  -0.1202411E-03  -0.1286396E-03
0.1004785E-04   0.1175397E-04   0.3334575E-04   0.4012676E-04   0.5501679E-04   0.2302620E-03   0.2906196E-04  -0.5996125E-06  -0.2797722E-04  -0.4736596E-04  -0.6717962E-04  -0.7861082E-04  -0.8796433E-04
-0.6977291E-04  -0.4887539E-04  -0.3393641E-04   0.4868300E-05   0.8890233E-05   0.2906196E-04   0.2040171E-03   0.2442494E-04   0.7124357E-05  -0.1073827E-05  -0.1669074E-04  -0.2635883E-04  -0.3928662E-04
-0.1089964E-03  -0.7953439E-04  -0.7480575E-04  -0.3971681E-04  -0.2369870E-04  -0.5996125E-06   0.2442494E-04   0.1869356E-03   0.4178052E-04   0.2226226E-04   0.2106778E-04   0.7656128E-05   0.1552013E-04
-0.1622795E-03  -0.1362875E-03  -0.1178887E-03  -0.8189649E-04  -0.6039807E-04  -0.2797722E-04   0.7124357E-05   0.4178052E-04   0.2406900E-03   0.5954776E-04   0.6379074E-04   0.5620564E-04   0.5429020E-04
-0.1844938E-03  -0.1636424E-03  -0.1440061E-03  -0.1135896E-03  -0.7958674E-04  -0.4736596E-04  -0.1073827E-05   0.2226226E-04   0.5954776E-04   0.2461043E-03   0.1010684E-03   0.9597471E-04   0.1045360E-03
-0.2417888E-03  -0.1887459E-03  -0.1694419E-03  -0.1420939E-03  -0.1054731E-03  -0.6717962E-04  -0.1669074E-04   0.2106778E-04   0.6379074E-04   0.1010684E-03   0.2859139E-03   0.1501967E-03   0.1490964E-03
-0.2620724E-03  -0.2167079E-03  -0.1850280E-03  -0.1645906E-03  -0.1202411E-03  -0.7861082E-04  -0.2635883E-04   0.7656128E-05   0.5620564E-04   0.9597471E-04   0.1501967E-03   0.3519922E-03   0.1943220E-03
-0.2755561E-03  -0.2363101E-03  -0.2004498E-03  -0.1667369E-03  -0.1286396E-03  -0.8796433E-04  -0.3928662E-04   0.1552013E-04   0.5429020E-04   0.1045360E-03   0.1490964E-03   0.1943220E-03   0.3840187E-03
