0.1160529E-02   0.6878910E-03   0.4793413E-03   0.3134829E-03   0.1572197E-03   0.2761912E-04  -0.9428367E-04  -0.1740267E-03  -0.3064923E-03  -0.3613011E-03  -0.4094693E-03  -0.4815863E-03  -0.5081784E-03
0.6878910E-03   0.7421814E-03   0.4453648E-03   0.3015255E-03   0.1746567E-03   0.4516607E-04  -0.5199208E-04  -0.1375977E-03  -0.2473883E-03  -0.3202371E-03  -0.3573214E-03  -0.4046984E-03  -0.4452306E-03
0.4793413E-03   0.4453648E-03   0.5627045E-03   0.2768580E-03   0.1765097E-03   0.6562838E-04  -0.2647694E-04  -0.1016538E-03  -0.1998975E-03  -0.2586726E-03  -0.2969895E-03  -0.3573368E-03  -0.3869903E-03
0.3134829E-03   0.3015255E-03   0.2768580E-03   0.3949557E-03   0.1729146E-03   0.7448667E-04  -0.1057847E-04  -0.6167782E-04  -0.1444781E-03  -0.1886641E-03  -0.2346160E-03  -0.2830123E-03  -0.3027788E-03
0.1572197E-03   0.1746567E-03   0.1765097E-03   0.1729146E-03   0.3168048E-03   0.9906613E-04   0.2964019E-04  -0.1822201E-04  -0.9131363E-04  -0.1383343E-03  -0.1770157E-03  -0.2209543E-03  -0.2381887E-03
0.2761912E-04   0.4516607E-04   0.6562838E-04   0.7448667E-04   0.9906613E-04   0.2576593E-03   0.6008092E-04   0.1255305E-04  -0.3533400E-04  -0.7559261E-04  -0.9948250E-04  -0.1350146E-03  -0.1467072E-03
-0.9428367E-04  -0.5199208E-04  -0.2647694E-04  -0.1057847E-04   0.2964019E-04   0.6008092E-04   0.2223013E-03   0.4406086E-04   0.1520424E-04  -0.1265146E-04  -0.2289485E-04  -0.4107107E-04  -0.5768897E-04
-0.1740267E-03  -0.1375977E-03  -0.1016538E-03  -0.6167782E-04  -0.1822201E-04   0.1255305E-04   0.4406086E-04   0.2102330E-03   0.6726946E-04   0.5070605E-04   0.3955178E-04   0.3269232E-04   0.1922822E-04
-0.3064923E-03  -0.2473883E-03  -0.1998975E-03  -0.1444781E-03  -0.9131363E-04  -0.3533400E-04   0.1520424E-04   0.6726946E-04   0.2726555E-03   0.1315075E-03   0.1248237E-03   0.1310445E-03   0.1455807E-03
-0.3613011E-03  -0.3202371E-03  -0.2586726E-03  -0.1886641E-03  -0.1383343E-03  -0.7559261E-04  -0.1265146E-04   0.5070605E-04   0.1315075E-03   0.3364861E-03   0.2014611E-03   0.2071211E-03   0.2180937E-03
-0.4094693E-03  -0.3573214E-03  -0.2969895E-03  -0.2346160E-03  -0.1770157E-03  -0.9948250E-04  -0.2289485E-04   0.3955178E-04   0.1248237E-03   0.2014611E-03   0.3721275E-03   0.2841167E-03   0.2896217E-03
-0.4815863E-03  -0.4046984E-03  -0.3573368E-03  -0.2830123E-03  -0.2209543E-03  -0.1350146E-03  -0.4107107E-04   0.3269232E-04   0.1310445E-03   0.2071211E-03   0.2841167E-03   0.5133026E-03   0.3831167E-03
-0.5081784E-03  -0.4452306E-03  -0.3869903E-03  -0.3027788E-03  -0.2381887E-03  -0.1467072E-03  -0.5768897E-04   0.1922822E-04   0.1455807E-03   0.2180937E-03   0.2896217E-03   0.3831167E-03   0.5931698E-03
