0.5532293E-03   0.2602925E-03   0.1724229E-03   0.1151973E-03   0.5096446E-04   0.6661446E-05  -0.3888099E-04  -0.7673748E-04  -0.1179085E-03  -0.1457282E-03  -0.1718127E-03  -0.1790866E-03  -0.2194097E-03
0.2602925E-03   0.3651303E-03   0.1594060E-03   0.1197147E-03   0.5727492E-04   0.1460859E-04  -0.2258208E-04  -0.5691131E-04  -0.1007228E-03  -0.1243787E-03  -0.1472517E-03  -0.1676483E-03  -0.1832736E-03
0.1724229E-03   0.1594060E-03   0.3122163E-03   0.1075596E-03   0.6548839E-04   0.2355491E-04  -0.1773535E-04  -0.5014500E-04  -0.8188489E-04  -0.1041222E-03  -0.1322862E-03  -0.1446101E-03  -0.1588531E-03
0.1151973E-03   0.1197147E-03   0.1075596E-03   0.2435208E-03   0.5680241E-04   0.2381846E-04  -0.1059480E-04  -0.3712597E-04  -0.6177537E-04  -0.8654979E-04  -0.1047778E-03  -0.1179037E-03  -0.1238332E-03
0.5096446E-04   0.5727492E-04   0.6548839E-04   0.5680241E-04   0.1858660E-03   0.3416736E-04   0.1166569E-04  -0.1832188E-04  -0.3545694E-04  -0.5726904E-04  -0.7319178E-04  -0.8634252E-04  -0.9607932E-04
0.6661446E-05   0.1460859E-04   0.2355491E-04   0.2381846E-04   0.3416736E-04   0.1918733E-03   0.1256391E-04  -0.6699560E-05  -0.2023862E-04  -0.3510621E-04  -0.4934113E-04  -0.5965045E-04  -0.6913076E-04
-0.3888099E-04  -0.2258208E-04  -0.1773535E-04  -0.1059480E-04   0.1166569E-04   0.1256391E-04   0.1750993E-03   0.1443457E-04  -0.2103163E-05  -0.9561449E-05  -0.1649569E-04  -0.3107923E-04  -0.3219647E-04
-0.7673748E-04  -0.5691131E-04  -0.5014500E-04  -0.3712597E-04  -0.1832188E-04  -0.6699560E-05   0.1443457E-04   0.1661588E-03   0.2136483E-04   0.1403426E-04   0.1036185E-04   0.1133415E-04   0.7244846E-05
-0.1179085E-03  -0.1007228E-03  -0.8188489E-04  -0.6177537E-04  -0.3545694E-04  -0.2023862E-04  -0.2103163E-05   0.2136483E-04   0.1862525E-03   0.4093311E-04   0.4339270E-04   0.3975048E-04   0.4852903E-04
-0.1457282E-03  -0.1243787E-03  -0.1041222E-03  -0.8654979E-04  -0.5726904E-04  -0.3510621E-04  -0.9561449E-05   0.1403426E-04   0.4093311E-04   0.2088246E-03   0.7642879E-04   0.7254500E-04   0.7208883E-04
-0.1718127E-03  -0.1472517E-03  -0.1322862E-03  -0.1047778E-03  -0.7319178E-04  -0.4934113E-04  -0.1649569E-04   0.1036185E-04   0.4339270E-04   0.7642879E-04   0.2310787E-03   0.1013425E-03   0.1171410E-03
-0.1790866E-03  -0.1676483E-03  -0.1446101E-03  -0.1179037E-03  -0.8634252E-04  -0.5965045E-04  -0.3107923E-04   0.1133415E-04   0.3975048E-04   0.7254500E-04   0.1013425E-03   0.2778573E-03   0.1404341E-03
-0.2194097E-03  -0.1832736E-03  -0.1588531E-03  -0.1238332E-03  -0.9607932E-04  -0.6913076E-04  -0.3219647E-04   0.7244846E-05   0.4852903E-04   0.7208883E-04   0.1171410E-03   0.1404341E-03   0.3266760E-03
