0.1040536E-02   0.5519884E-03   0.3695588E-03   0.2327826E-03   0.1315546E-03   0.1918015E-04  -0.8764263E-04  -0.1597961E-03  -0.2419489E-03  -0.2910051E-03  -0.3456262E-03  -0.3984509E-03  -0.4069312E-03
0.5519884E-03   0.6430220E-03   0.3459206E-03   0.2235769E-03   0.1340977E-03   0.3393153E-04  -0.6319704E-04  -0.1156428E-03  -0.1983800E-03  -0.2571319E-03  -0.2855583E-03  -0.3260266E-03  -0.3470667E-03
0.3695588E-03   0.3459206E-03   0.5129636E-03   0.2105043E-03   0.1380577E-03   0.4643756E-04  -0.4353961E-04  -0.9503640E-04  -0.1591712E-03  -0.2124349E-03  -0.2442009E-03  -0.2781097E-03  -0.2956968E-03
0.2327826E-03   0.2235769E-03   0.2105043E-03   0.3914275E-03   0.1444583E-03   0.6018005E-04  -0.1909173E-05  -0.5872333E-04  -0.1230747E-03  -0.1613812E-03  -0.1990900E-03  -0.2287465E-03  -0.2385699E-03
0.1315546E-03   0.1340977E-03   0.1380577E-03   0.1444583E-03   0.3308784E-03   0.7522815E-04   0.1937207E-04  -0.2817619E-04  -0.8381718E-04  -0.1203460E-03  -0.1525571E-03  -0.1889770E-03  -0.1956688E-03
0.1918015E-04   0.3393153E-04   0.4643756E-04   0.6018005E-04   0.7522815E-04   0.2836961E-03   0.4607485E-04   0.1244150E-05  -0.3802804E-04  -0.6539802E-04  -0.9936067E-04  -0.9957902E-04  -0.1264233E-03
-0.8764263E-04  -0.6319704E-04  -0.4353961E-04  -0.1909173E-05   0.1937207E-04   0.4607485E-04   0.2647917E-03   0.3605296E-04   0.1255607E-04  -0.9957081E-06  -0.1861166E-04  -0.3677775E-04  -0.6429392E-04
-0.1597961E-03  -0.1156428E-03  -0.9503640E-04  -0.5872333E-04  -0.2817619E-04   0.1244150E-05   0.3605296E-04   0.2296492E-03   0.5816550E-04   0.4125953E-04   0.2915430E-04   0.2537264E-04   0.2515917E-04
-0.2419489E-03  -0.1983800E-03  -0.1591712E-03  -0.1230747E-03  -0.8381718E-04  -0.3802804E-04   0.1255607E-04   0.5816550E-04   0.2829384E-03   0.1042509E-03   0.9908698E-04   0.9858216E-04   0.9284373E-04
-0.2910051E-03  -0.2571319E-03  -0.2124349E-03  -0.1613812E-03  -0.1203460E-03  -0.6539802E-04  -0.9957081E-06   0.4125953E-04   0.1042509E-03   0.3246582E-03   0.1544868E-03   0.1614680E-03   0.1623243E-03
-0.3456262E-03  -0.2855583E-03  -0.2442009E-03  -0.1990900E-03  -0.1525571E-03  -0.9936067E-04  -0.1861166E-04   0.2915430E-04   0.9908698E-04   0.1544868E-03   0.3774500E-03   0.2229825E-03   0.2308068E-03
-0.3984509E-03  -0.3260266E-03  -0.2781097E-03  -0.2287465E-03  -0.1889770E-03  -0.9957902E-04  -0.3677775E-04   0.2537264E-04   0.9858216E-04   0.1614680E-03   0.2229825E-03   0.4702588E-03   0.2880203E-03
-0.4069312E-03  -0.3470667E-03  -0.2956968E-03  -0.2385699E-03  -0.1956688E-03  -0.1264233E-03  -0.6429392E-04   0.2515917E-04   0.9284373E-04   0.1623243E-03   0.2308068E-03   0.2880203E-03   0.5279699E-03
