0.5923421E-03   0.3457975E-03   0.2312330E-03   0.1611177E-03   0.7275395E-04   0.8552369E-05  -0.4338337E-04  -0.9382550E-04  -0.1454501E-03  -0.1818763E-03  -0.2105323E-03  -0.2326657E-03  -0.2548349E-03
0.3457975E-03   0.3879644E-03   0.2181641E-03   0.1524803E-03   0.8272975E-04   0.2023434E-04  -0.2832125E-04  -0.7444508E-04  -0.1153865E-03  -0.1572186E-03  -0.1830973E-03  -0.2053607E-03  -0.2212602E-03
0.2312330E-03   0.2181641E-03   0.2884508E-03   0.1415944E-03   0.8442657E-04   0.3059949E-04  -0.1242283E-04  -0.5951946E-04  -0.9772136E-04  -0.1291766E-03  -0.1521039E-03  -0.1700433E-03  -0.1894275E-03
0.1611177E-03   0.1524803E-03   0.1415944E-03   0.2203600E-03   0.8580227E-04   0.3984300E-04  -0.1753859E-05  -0.3723037E-04  -0.7263276E-04  -0.1058914E-03  -0.1268634E-03  -0.1391906E-03  -0.1582544E-03
0.7275395E-04   0.8272975E-04   0.8442657E-04   0.8580227E-04   0.1614741E-03   0.4778167E-04   0.1539515E-04  -0.1190620E-04  -0.4478053E-04  -0.6677033E-04  -0.8667522E-04  -0.1051211E-03  -0.1176120E-03
0.8552369E-05   0.2023434E-04   0.3059949E-04   0.3984300E-04   0.4778167E-04   0.1527271E-03   0.2573084E-04   0.7339958E-05  -0.2137527E-04  -0.3983839E-04  -0.4973651E-04  -0.6555951E-04  -0.7580284E-04
-0.4338337E-04  -0.2832125E-04  -0.1242283E-04  -0.1753859E-05   0.1539515E-04   0.2573084E-04   0.1256654E-03   0.2150454E-04   0.5074273E-05  -0.3178486E-05  -0.1106443E-04  -0.2449829E-04  -0.3319480E-04
-0.9382550E-04  -0.7444508E-04  -0.5951946E-04  -0.3723037E-04  -0.1190620E-04   0.7339958E-05   0.2150454E-04   0.1276217E-03   0.3569831E-04   0.2628122E-04   0.2283213E-04   0.1705822E-04   0.1200136E-04
-0.1454501E-03  -0.1153865E-03  -0.9772136E-04  -0.7263276E-04  -0.4478053E-04  -0.2137527E-04   0.5074273E-05   0.3569831E-04   0.1549486E-03   0.6172039E-04   0.5886616E-04   0.6071832E-04   0.6263138E-04
-0.1818763E-03  -0.1572186E-03  -0.1291766E-03  -0.1058914E-03  -0.6677033E-04  -0.3983839E-04  -0.3178486E-05   0.2628122E-04   0.6172039E-04   0.1837173E-03   0.9853307E-04   0.1006663E-03   0.1066063E-03
-0.2105323E-03  -0.1830973E-03  -0.1521039E-03  -0.1268634E-03  -0.8667522E-04  -0.4973651E-04  -0.1106443E-04   0.2283213E-04   0.5886616E-04   0.9853307E-04   0.2115456E-03   0.1330317E-03   0.1462262E-03
-0.2326657E-03  -0.2053607E-03  -0.1700433E-03  -0.1391906E-03  -0.1051211E-03  -0.6555951E-04  -0.2449829E-04   0.1705822E-04   0.6071832E-04   0.1006663E-03   0.1330317E-03   0.2613926E-03   0.1862199E-03
-0.2548349E-03  -0.2212602E-03  -0.1894275E-03  -0.1582544E-03  -0.1176120E-03  -0.7580284E-04  -0.3319480E-04   0.1200136E-04   0.6263138E-04   0.1066063E-03   0.1462262E-03   0.1862199E-03   0.3112340E-03
