0.5553926E-03   0.2710464E-03   0.1817896E-03   0.1252848E-03   0.7077099E-04   0.1839479E-04  -0.1082008E-04  -0.6184013E-04  -0.9187871E-04  -0.1296515E-03  -0.1473498E-03  -0.1736254E-03  -0.1808224E-03  -0.2193958E-03
0.2710464E-03   0.3948358E-03   0.1723136E-03   0.1243879E-03   0.7552098E-04   0.3080701E-04  -0.3258807E-05  -0.4092005E-04  -0.8109151E-04  -0.1156617E-03  -0.1316362E-03  -0.1547693E-03  -0.1724553E-03  -0.1932354E-03
0.1817896E-03   0.1723136E-03   0.3357956E-03   0.1168329E-03   0.7743297E-04   0.2869762E-04  -0.2221115E-05  -0.3906058E-04  -0.6080589E-04  -0.9786161E-04  -0.1151142E-03  -0.1373089E-03  -0.1509338E-03  -0.1600889E-03
0.1252848E-03   0.1243879E-03   0.1168329E-03   0.2574924E-03   0.7329427E-04   0.4107688E-04  -0.1251532E-05  -0.3241895E-04  -0.5168944E-04  -0.7371537E-04  -0.8894556E-04  -0.1103279E-03  -0.1201140E-03  -0.1298295E-03
0.7077099E-04   0.7552098E-04   0.7743297E-04   0.7329427E-04   0.2116437E-03   0.3851092E-04   0.2064258E-04  -0.8679993E-05  -0.3285340E-04  -0.5259340E-04  -0.7232415E-04  -0.8891311E-04  -0.1002134E-03  -0.1060277E-03
0.1839479E-04   0.3080701E-04   0.2869762E-04   0.4107688E-04   0.3851092E-04   0.1995555E-03   0.1966239E-04  -0.7415386E-06  -0.1165111E-04  -0.3343501E-04  -0.4355482E-04  -0.6155320E-04  -0.6478761E-04  -0.7642735E-04
-0.1082008E-04  -0.3258807E-05  -0.2221115E-05  -0.1251532E-05   0.2064258E-04   0.1966239E-04   0.1943568E-03   0.1500149E-04  -0.2374249E-05  -0.1757943E-04  -0.2870738E-04  -0.3860454E-04  -0.4809564E-04  -0.5041940E-04
-0.6184013E-04  -0.4092005E-04  -0.3906058E-04  -0.3241895E-04  -0.8679993E-05  -0.7415386E-06   0.1500149E-04   0.1626851E-03   0.2234052E-04   0.1223946E-04  -0.3639425E-05  -0.1677771E-05  -0.2012815E-05  -0.5770260E-05
-0.9187871E-04  -0.8109151E-04  -0.6080589E-04  -0.5168944E-04  -0.3285340E-04  -0.1165111E-04  -0.2374249E-05   0.2234052E-04   0.1929356E-03   0.2369188E-04   0.2087521E-04   0.2270389E-04   0.1622063E-04   0.2160712E-04
-0.1296515E-03  -0.1156617E-03  -0.9786161E-04  -0.7371537E-04  -0.5259340E-04  -0.3343501E-04  -0.1757943E-04   0.1223946E-04   0.2369188E-04   0.1994900E-03   0.5094276E-04   0.5394143E-04   0.6064522E-04   0.6085377E-04
-0.1473498E-03  -0.1316362E-03  -0.1151142E-03  -0.8894556E-04  -0.7232415E-04  -0.4355482E-04  -0.2870738E-04  -0.3639425E-05   0.2087521E-04   0.5094276E-04   0.2339867E-03   0.8382540E-04   0.7573724E-04   0.7962614E-04
-0.1736254E-03  -0.1547693E-03  -0.1373089E-03  -0.1103279E-03  -0.8891311E-04  -0.6155320E-04  -0.3860454E-04  -0.1677771E-05   0.2270389E-04   0.5394143E-04   0.8382540E-04   0.2530106E-03   0.1098453E-03   0.1265731E-03
-0.1808224E-03  -0.1724553E-03  -0.1509338E-03  -0.1201140E-03  -0.1002134E-03  -0.6478761E-04  -0.4809564E-04  -0.2012815E-05   0.1622063E-04   0.6064522E-04   0.7573724E-04   0.1098453E-03   0.2826197E-03   0.1462349E-03
-0.2193958E-03  -0.1932354E-03  -0.1600889E-03  -0.1298295E-03  -0.1060277E-03  -0.7642735E-04  -0.5041940E-04  -0.5770260E-05   0.2160712E-04   0.6085377E-04   0.7962614E-04   0.1265731E-03   0.1462349E-03   0.3334560E-03
