0.5940416E-03   0.3548257E-03   0.2474860E-03   0.1770914E-03   0.9752055E-04   0.3094528E-04  -0.1776636E-04  -0.7396057E-04  -0.1125145E-03  -0.1550129E-03  -0.1887487E-03  -0.2169634E-03  -0.2336241E-03  -0.2544798E-03
0.3548257E-03   0.4106346E-03   0.2327807E-03   0.1678330E-03   0.1024801E-03   0.4284223E-04  -0.8029353E-05  -0.5856208E-04  -0.9697345E-04  -0.1303130E-03  -0.1669190E-03  -0.1950951E-03  -0.2047610E-03  -0.2281415E-03
0.2474860E-03   0.2327807E-03   0.3155716E-03   0.1538706E-03   0.1012682E-03   0.4766497E-04   0.6310547E-05  -0.4416857E-04  -0.7824457E-04  -0.1118044E-03  -0.1399186E-03  -0.1615708E-03  -0.1781048E-03  -0.1968712E-03
0.1770914E-03   0.1678330E-03   0.1538706E-03   0.2339977E-03   0.1003697E-03   0.5455673E-04   0.1780429E-04  -0.2323970E-04  -0.5917752E-04  -0.9090218E-04  -0.1174652E-03  -0.1345551E-03  -0.1473563E-03  -0.1660391E-03
0.9752055E-04   0.1024801E-03   0.1012682E-03   0.1003697E-03   0.1820252E-03   0.5826659E-04   0.2714765E-04  -0.3894226E-05  -0.3483106E-04  -0.6447709E-04  -0.8349074E-04  -0.1050435E-03  -0.1160653E-03  -0.1306987E-03
0.3094528E-04   0.4284223E-04   0.4766497E-04   0.5455673E-04   0.5826659E-04   0.1582032E-03   0.3559010E-04   0.9215557E-05  -0.9021471E-05  -0.4068520E-04  -0.5317030E-04  -0.6835719E-04  -0.8045759E-04  -0.8991071E-04
-0.1776636E-04  -0.8029353E-05   0.6310547E-05   0.1780429E-04   0.2714765E-04   0.3559010E-04   0.1414192E-03   0.2321879E-04   0.8012445E-05  -0.1348554E-04  -0.2565324E-04  -0.3360120E-04  -0.4581095E-04  -0.5536778E-04
-0.7396057E-04  -0.5856208E-04  -0.4416857E-04  -0.2323970E-04  -0.3894226E-05   0.9215557E-05   0.2321879E-04   0.1308313E-03   0.2776173E-04   0.1790852E-04   0.1121723E-04   0.6201026E-05  -0.1703277E-05  -0.9149557E-05
-0.1125145E-03  -0.9697345E-04  -0.7824457E-04  -0.5917752E-04  -0.3483106E-04  -0.9021471E-05   0.8012445E-05   0.2776173E-04   0.1423297E-03   0.4852009E-04   0.3597103E-04   0.3943679E-04   0.3197398E-04   0.2943466E-04
-0.1550129E-03  -0.1303130E-03  -0.1118044E-03  -0.9090218E-04  -0.6447709E-04  -0.4068520E-04  -0.1348554E-04   0.1790852E-04   0.4852009E-04   0.1601536E-03   0.7192141E-04   0.7283350E-04   0.7787447E-04   0.8226875E-04
-0.1887487E-03  -0.1669190E-03  -0.1399186E-03  -0.1174652E-03  -0.8349074E-04  -0.5317030E-04  -0.2565324E-04   0.1121723E-04   0.3597103E-04   0.7192141E-04   0.2029811E-03   0.1067919E-03   0.1110242E-03   0.1162959E-03
-0.2169634E-03  -0.1950951E-03  -0.1615708E-03  -0.1345551E-03  -0.1050435E-03  -0.6835719E-04  -0.3360120E-04   0.6201026E-05   0.3943679E-04   0.7283350E-04   0.1067919E-03   0.2315544E-03   0.1417562E-03   0.1600313E-03
-0.2336241E-03  -0.2047610E-03  -0.1781048E-03  -0.1473563E-03  -0.1160653E-03  -0.8045759E-04  -0.4581095E-04  -0.1703277E-05   0.3197398E-04   0.7787447E-04   0.1110242E-03   0.1417562E-03   0.2652904E-03   0.1922854E-03
-0.2544798E-03  -0.2281415E-03  -0.1968712E-03  -0.1660391E-03  -0.1306987E-03  -0.8991071E-04  -0.5536778E-04  -0.9149557E-05   0.2943466E-04   0.8226875E-04   0.1162959E-03   0.1600313E-03   0.1922854E-03   0.3198209E-03
