0.1043967E-02   0.5651106E-03   0.3952933E-03   0.2670390E-03   0.1577581E-03   0.6427469E-04  -0.3399434E-04  -0.1354814E-03  -0.1890148E-03  -0.2528003E-03  -0.3156957E-03  -0.3542456E-03  -0.3911770E-03  -0.4097357E-03
0.5651106E-03   0.6809600E-03   0.3629666E-03   0.2579927E-03   0.1626844E-03   0.6706294E-04  -0.2302382E-04  -0.1002489E-03  -0.1491298E-03  -0.2252966E-03  -0.2761996E-03  -0.2950395E-03  -0.3307573E-03  -0.3513967E-03
0.3952933E-03   0.3629666E-03   0.5507595E-03   0.2381702E-03   0.1517340E-03   0.7756440E-04   0.1267972E-05  -0.8126465E-04  -0.1302682E-03  -0.1838333E-03  -0.2315979E-03  -0.2612221E-03  -0.2878303E-03  -0.3001413E-03
0.2670390E-03   0.2579927E-03   0.2381702E-03   0.4230792E-03   0.1622997E-03   0.7828488E-04   0.2565506E-04  -0.4097312E-04  -0.9912230E-04  -0.1442675E-03  -0.1806287E-03  -0.2217180E-03  -0.2369523E-03  -0.2578485E-03
0.1577581E-03   0.1626844E-03   0.1517340E-03   0.1622997E-03   0.3736846E-03   0.9583169E-04   0.3220969E-04  -0.1238213E-04  -0.6732123E-04  -0.1048306E-03  -0.1448686E-03  -0.1720253E-03  -0.2102671E-03  -0.2028484E-03
0.6427469E-04   0.6706294E-04   0.7756440E-04   0.7828488E-04   0.9583169E-04   0.2913751E-03   0.6015675E-04   0.2222925E-04  -0.3179134E-04  -0.5996417E-04  -0.9749375E-04  -0.1259591E-03  -0.1278384E-03  -0.1564091E-03
-0.3399434E-04  -0.2302382E-04   0.1267972E-05   0.2565506E-04   0.3220969E-04   0.6015675E-04   0.3042076E-03   0.4176240E-04   0.3567658E-05  -0.1696983E-04  -0.4663455E-04  -0.6174025E-04  -0.7927208E-04  -0.9675637E-04
-0.1354814E-03  -0.1002489E-03  -0.8126465E-04  -0.4097312E-04  -0.1238213E-04   0.2222925E-04   0.4176240E-04   0.2505987E-03   0.4463759E-04   0.3234286E-04   0.1360986E-04   0.6645160E-05  -0.1161865E-05  -0.1673434E-04
-0.1890148E-03  -0.1491298E-03  -0.1302682E-03  -0.9912230E-04  -0.6732123E-04  -0.3179134E-04   0.3567658E-05   0.4463759E-04   0.2671777E-03   0.7516919E-04   0.6136619E-04   0.6246214E-04   0.5297555E-04   0.5575276E-04
-0.2528003E-03  -0.2252966E-03  -0.1838333E-03  -0.1442675E-03  -0.1048306E-03  -0.5996417E-04  -0.1696983E-04   0.3234286E-04   0.7516919E-04   0.2875889E-03   0.1217565E-03   0.1138072E-03   0.1173175E-03   0.1208732E-03
-0.3156957E-03  -0.2761996E-03  -0.2315979E-03  -0.1806287E-03  -0.1448686E-03  -0.9749375E-04  -0.4663455E-04   0.1360986E-04   0.6136619E-04   0.1217565E-03   0.3659449E-03   0.1814707E-03   0.1816447E-03   0.1874574E-03
-0.3542456E-03  -0.2950395E-03  -0.2612221E-03  -0.2217180E-03  -0.1720253E-03  -0.1259591E-03  -0.6174025E-04   0.6645160E-05   0.6246214E-04   0.1138072E-03   0.1814707E-03   0.4063154E-03   0.2361049E-03   0.2391875E-03
-0.3911770E-03  -0.3307573E-03  -0.2878303E-03  -0.2369523E-03  -0.2102671E-03  -0.1278384E-03  -0.7927208E-04  -0.1161865E-05   0.5297555E-04   0.1173175E-03   0.1816447E-03   0.2361049E-03   0.4779984E-03   0.2980637E-03
-0.4097357E-03  -0.3513967E-03  -0.3001413E-03  -0.2578485E-03  -0.2028484E-03  -0.1564091E-03  -0.9675637E-04  -0.1673434E-04   0.5575276E-04   0.1208732E-03   0.1874574E-03   0.2391875E-03   0.2980637E-03   0.5366410E-03
