0.7310874E-03   0.3760958E-03   0.2684139E-03   0.1723784E-03   0.9548708E-04   0.3669384E-04  -0.2466256E-04  -0.9727734E-04  -0.1289239E-03  -0.1726979E-03  -0.1918458E-03  -0.2531441E-03  -0.2580042E-03  -0.2763211E-03
0.3760958E-03   0.5006715E-03   0.2514408E-03   0.1607066E-03   0.1021720E-03   0.3453177E-04  -0.1964025E-04  -0.7525187E-04  -0.1045569E-03  -0.1489369E-03  -0.1731599E-03  -0.2005339E-03  -0.2169000E-03  -0.2424603E-03
0.2684139E-03   0.2514408E-03   0.4232090E-03   0.1565445E-03   0.9789918E-04   0.4976353E-04  -0.4604192E-05  -0.6176781E-04  -0.9680839E-04  -0.1317510E-03  -0.1500923E-03  -0.1812372E-03  -0.1897770E-03  -0.2122698E-03
0.1723784E-03   0.1607066E-03   0.1565445E-03   0.3179754E-03   0.1122065E-03   0.4969091E-04   0.2041480E-04  -0.2213609E-04  -0.6745351E-04  -0.1004713E-03  -0.1246519E-03  -0.1515078E-03  -0.1672932E-03  -0.1732156E-03
0.9548708E-04   0.1021720E-03   0.9789918E-04   0.1122065E-03   0.2814871E-03   0.6522661E-04   0.3244861E-04  -0.1450196E-04  -0.4639528E-04  -0.7886804E-04  -0.9277255E-04  -0.1306675E-03  -0.1379794E-03  -0.1407051E-03
0.3669384E-04   0.3453177E-04   0.4976353E-04   0.4969091E-04   0.6522661E-04   0.2408970E-03   0.3992467E-04   0.8877547E-05  -0.2550008E-04  -0.4207058E-04  -0.6896642E-04  -0.8104980E-04  -0.9074091E-04  -0.1057074E-03
-0.2466256E-04  -0.1964025E-04  -0.4604192E-05   0.2041480E-04   0.3244861E-04   0.3992467E-04   0.2358395E-03   0.2016429E-04   0.6340233E-05  -0.1199662E-04  -0.3661494E-04  -0.4936893E-04  -0.5895411E-04  -0.6929854E-04
-0.9727734E-04  -0.7525187E-04  -0.6176781E-04  -0.2213609E-04  -0.1450196E-04   0.8877547E-05   0.2016429E-04   0.2028162E-03   0.2872882E-04   0.2108646E-04   0.5683862E-05   0.3694210E-05   0.3882387E-06  -0.5947641E-05
-0.1289239E-03  -0.1045569E-03  -0.9680839E-04  -0.6745351E-04  -0.4639528E-04  -0.2550008E-04   0.6340233E-05   0.2872882E-04   0.2199192E-03   0.6203980E-04   0.2283600E-04   0.4468334E-04   0.2012151E-04   0.3488457E-04
-0.1726979E-03  -0.1489369E-03  -0.1317510E-03  -0.1004713E-03  -0.7886804E-04  -0.4207058E-04  -0.1199662E-04   0.2108646E-04   0.6203980E-04   0.2339679E-03   0.6850241E-04   0.7750290E-04   0.7190176E-04   0.7232559E-04
-0.1918458E-03  -0.1731599E-03  -0.1500923E-03  -0.1246519E-03  -0.9277255E-04  -0.6896642E-04  -0.3661494E-04   0.5683862E-05   0.2283600E-04   0.6850241E-04   0.2768474E-03   0.1114727E-03   0.1109052E-03   0.1249733E-03
-0.2531441E-03  -0.2005339E-03  -0.1812372E-03  -0.1515078E-03  -0.1306675E-03  -0.8104980E-04  -0.4936893E-04   0.3694210E-05   0.4468334E-04   0.7750290E-04   0.1114727E-03   0.3204800E-03   0.1599015E-03   0.1593133E-03
-0.2580042E-03  -0.2169000E-03  -0.1897770E-03  -0.1672932E-03  -0.1379794E-03  -0.9074091E-04  -0.5895411E-04   0.3882387E-06   0.2012151E-04   0.7190176E-04   0.1109052E-03   0.1599015E-03   0.3562226E-03   0.1987806E-03
-0.2763211E-03  -0.2424603E-03  -0.2122698E-03  -0.1732156E-03  -0.1407051E-03  -0.1057074E-03  -0.6929854E-04  -0.5947641E-05   0.3488457E-04   0.7232559E-04   0.1249733E-03   0.1593133E-03   0.1987806E-03   0.3957953E-03
