0.1163302E-02   0.7066676E-03   0.5040044E-03   0.3501029E-03   0.2160003E-03   0.5609248E-04  -0.3183782E-04  -0.1323414E-03  -0.2271216E-03  -0.3267981E-03  -0.3802627E-03  -0.4203510E-03  -0.4830786E-03  -0.5079567E-03
0.7066676E-03   0.7815144E-03   0.4670906E-03   0.3395210E-03   0.2183008E-03   0.7637858E-04  -0.1004851E-04  -0.9886980E-04  -0.1881079E-03  -0.2789786E-03  -0.3452634E-03  -0.3686291E-03  -0.4140630E-03  -0.4512855E-03
0.5040044E-03   0.4670906E-03   0.6045744E-03   0.3121965E-03   0.2123861E-03   0.9534530E-04   0.1191381E-04  -0.6832258E-04  -0.1511112E-03  -0.2340696E-03  -0.2854000E-03  -0.3181565E-03  -0.3728312E-03  -0.3954735E-03
0.3501029E-03   0.3395210E-03   0.3121965E-03   0.4331544E-03   0.2009478E-03   0.1013674E-03   0.2340697E-04  -0.4026260E-04  -0.1062904E-03  -0.1716769E-03  -0.2237080E-03  -0.2583025E-03  -0.3032407E-03  -0.3263660E-03
0.2160003E-03   0.2183008E-03   0.2123861E-03   0.2009478E-03   0.3578274E-03   0.1172172E-03   0.4659343E-04  -0.9314763E-05  -0.6533782E-04  -0.1313668E-03  -0.1739889E-03  -0.2093868E-03  -0.2482938E-03  -0.2612288E-03
0.5609248E-04   0.7637858E-04   0.9534530E-04   0.1013674E-03   0.1172172E-03   0.2704532E-03   0.7720896E-04   0.2800788E-04  -0.1690501E-04  -0.6484300E-04  -0.1008859E-03  -0.1271037E-03  -0.1625554E-03  -0.1705061E-03
-0.3183782E-04  -0.1004851E-04   0.1191381E-04   0.2340697E-04   0.4659343E-04   0.7720896E-04   0.2517933E-03   0.4963978E-04   0.1180962E-04  -0.2039727E-04  -0.5427816E-04  -0.6681366E-04  -0.8732215E-04  -0.1011483E-03
-0.1323414E-03  -0.9886980E-04  -0.6832258E-04  -0.4026260E-04  -0.9314763E-05   0.2800788E-04   0.4963978E-04   0.2180782E-03   0.5832708E-04   0.2727465E-04   0.1813904E-04   0.2616592E-05  -0.1195808E-04  -0.2020475E-04
-0.2271216E-03  -0.1881079E-03  -0.1511112E-03  -0.1062904E-03  -0.6533782E-04  -0.1690501E-04   0.1180962E-04   0.5832708E-04   0.2390395E-03   0.8553730E-04   0.8117955E-04   0.7167646E-04   0.7698093E-04   0.6754504E-04
-0.3267981E-03  -0.2789786E-03  -0.2340696E-03  -0.1716769E-03  -0.1313668E-03  -0.6484300E-04  -0.2039727E-04   0.2727465E-04   0.8553730E-04   0.2936167E-03   0.1625417E-03   0.1542621E-03   0.1612665E-03   0.1811661E-03
-0.3802627E-03  -0.3452634E-03  -0.2854000E-03  -0.2237080E-03  -0.1739889E-03  -0.1008859E-03  -0.5427816E-04   0.1813904E-04   0.8117955E-04   0.1625417E-03   0.3824484E-03   0.2182816E-03   0.2308813E-03   0.2406664E-03
-0.4203510E-03  -0.3686291E-03  -0.3181565E-03  -0.2583025E-03  -0.2093868E-03  -0.1271037E-03  -0.6681366E-04   0.2616592E-05   0.7167646E-04   0.1542621E-03   0.2182816E-03   0.4054085E-03   0.3059512E-03   0.3045296E-03
-0.4830786E-03  -0.4140630E-03  -0.3728312E-03  -0.3032407E-03  -0.2482938E-03  -0.1625554E-03  -0.8732215E-04  -0.1195808E-04   0.7698093E-04   0.1612665E-03   0.2308813E-03   0.3059512E-03   0.5319020E-03   0.3941641E-03
-0.5079567E-03  -0.4512855E-03  -0.3954735E-03  -0.3263660E-03  -0.2612288E-03  -0.1705061E-03  -0.1011483E-03  -0.2020475E-04   0.6754504E-04   0.1811661E-03   0.2406664E-03   0.3045296E-03   0.3941641E-03   0.6022424E-03
