0.1105117E-02   0.5962922E-03   0.4096927E-03   0.2954194E-03   0.1818866E-03   0.1003896E-03  -0.1963574E-06  -0.9590151E-04  -0.1540965E-03  -0.2348009E-03  -0.2727355E-03  -0.3290841E-03  -0.3741219E-03  -0.3914098E-03  -0.4242982E-03
0.5962922E-03   0.7260768E-03   0.3848486E-03   0.2864737E-03   0.1764558E-03   0.1006087E-03   0.2152937E-04  -0.7191068E-04  -0.1160432E-03  -0.1965175E-03  -0.2565141E-03  -0.2825095E-03  -0.3112297E-03  -0.3397165E-03  -0.3614770E-03
0.4096927E-03   0.3848486E-03   0.5695476E-03   0.2678432E-03   0.1701656E-03   0.1091949E-03   0.2909228E-04  -0.6141193E-04  -0.9508056E-04  -0.1588586E-03  -0.2143431E-03  -0.2419480E-03  -0.2676529E-03  -0.2922074E-03  -0.3065538E-03
0.2954194E-03   0.2864737E-03   0.2678432E-03   0.4839307E-03   0.1772194E-03   0.1149748E-03   0.4454591E-04  -0.2980766E-04  -0.7290833E-04  -0.1371880E-03  -0.1674509E-03  -0.2053364E-03  -0.2390951E-03  -0.2569908E-03  -0.2773933E-03
0.1818866E-03   0.1764558E-03   0.1701656E-03   0.1772194E-03   0.4073651E-03   0.1222803E-03   0.6376288E-04   0.1936379E-05  -0.4443629E-04  -0.1003839E-03  -0.1278677E-03  -0.1604474E-03  -0.1934849E-03  -0.2199607E-03  -0.2201245E-03
0.1003896E-03   0.1006087E-03   0.1091949E-03   0.1149748E-03   0.1222803E-03   0.3127624E-03   0.6907501E-04   0.2323187E-04  -0.1560773E-04  -0.6028634E-04  -0.9149600E-04  -0.1213098E-03  -0.1443392E-03  -0.1632006E-03  -0.1779515E-03
-0.1963574E-06   0.2152937E-04   0.2909228E-04   0.4454591E-04   0.6376288E-04   0.6907501E-04   0.3160590E-03   0.5048302E-04   0.8726919E-05  -0.2798498E-04  -0.4553409E-04  -0.8343126E-04  -0.8716318E-04  -0.1048318E-03  -0.1190079E-03
-0.9590151E-04  -0.7191068E-04  -0.6141193E-04  -0.2980766E-04   0.1936379E-05   0.2323187E-04   0.5048302E-04   0.2923714E-03   0.4203340E-04   0.1870602E-04   0.1242126E-04  -0.9518380E-05  -0.2189682E-04  -0.4098060E-04  -0.5546469E-04
-0.1540965E-03  -0.1160432E-03  -0.9508056E-04  -0.7290833E-04  -0.4443629E-04  -0.1560773E-04   0.8726919E-05   0.4203340E-04   0.2569322E-03   0.5375021E-04   0.4503393E-04   0.2555670E-04   0.2901689E-04   0.1221880E-04   0.2185901E-04
-0.2348009E-03  -0.1965175E-03  -0.1588586E-03  -0.1371880E-03  -0.1003839E-03  -0.6028634E-04  -0.2798498E-04   0.1870602E-04   0.5375021E-04   0.3035182E-03   0.9629437E-04   0.9205276E-04   0.9394072E-04   0.8902869E-04   0.8172539E-04
-0.2727355E-03  -0.2565141E-03  -0.2143431E-03  -0.1674509E-03  -0.1278677E-03  -0.9149600E-04  -0.4553409E-04   0.1242126E-04   0.4503393E-04   0.9629437E-04   0.3432872E-03   0.1310938E-03   0.1328458E-03   0.1384949E-03   0.1426559E-03
-0.3290841E-03  -0.2825095E-03  -0.2419480E-03  -0.2053364E-03  -0.1604474E-03  -0.1213098E-03  -0.8343126E-04  -0.9518380E-05   0.2555670E-04   0.9205276E-04   0.1310938E-03   0.3971671E-03   0.1962771E-03   0.1853635E-03   0.2036091E-03
-0.3741219E-03  -0.3112297E-03  -0.2676529E-03  -0.2390951E-03  -0.1934849E-03  -0.1443392E-03  -0.8716318E-04  -0.2189682E-04   0.2901689E-04   0.9394072E-04   0.1328458E-03   0.1962771E-03   0.4194528E-03   0.2529097E-03   0.2544779E-03
-0.3914098E-03  -0.3397165E-03  -0.2922074E-03  -0.2569908E-03  -0.2199607E-03  -0.1632006E-03  -0.1048318E-03  -0.4098060E-04   0.1221880E-04   0.8902869E-04   0.1384949E-03   0.1853635E-03   0.2529097E-03   0.5105409E-03   0.3087070E-03
-0.4242982E-03  -0.3614770E-03  -0.3065538E-03  -0.2773933E-03  -0.2201245E-03  -0.1779515E-03  -0.1190079E-03  -0.5546469E-04   0.2185901E-04   0.8172539E-04   0.1426559E-03   0.2036091E-03   0.2544779E-03   0.3087070E-03   0.5711942E-03
