0.6309735E-03   0.3703732E-03   0.2643997E-03   0.1933309E-03   0.1163396E-03   0.5598096E-04  -0.3449137E-06  -0.4786976E-04  -0.9736259E-04  -0.1377514E-03  -0.1666296E-03  -0.1995333E-03  -0.2255268E-03  -0.2502153E-03  -0.2539643E-03
0.3703732E-03   0.4238057E-03   0.2440138E-03   0.1815873E-03   0.1151205E-03   0.6518621E-04   0.6171606E-05  -0.3338403E-04  -0.8054239E-04  -0.1158378E-03  -0.1449344E-03  -0.1747200E-03  -0.1983536E-03  -0.2118845E-03  -0.2263984E-03
0.2643997E-03   0.2440138E-03   0.3354359E-03   0.1697934E-03   0.1178532E-03   0.6920322E-04   0.1879790E-04  -0.2354614E-04  -0.6096992E-04  -0.9351568E-04  -0.1252925E-03  -0.1488037E-03  -0.1713588E-03  -0.1909685E-03  -0.2028852E-03
0.1933309E-03   0.1815873E-03   0.1697934E-03   0.2613243E-03   0.1094067E-03   0.7416798E-04   0.3240834E-04  -0.7212307E-05  -0.4609398E-04  -0.7951055E-04  -0.1064317E-03  -0.1280858E-03  -0.1447994E-03  -0.1648297E-03  -0.1731516E-03
0.1163396E-03   0.1151205E-03   0.1178532E-03   0.1094067E-03   0.2065437E-03   0.7200911E-04   0.3641968E-04   0.3631471E-05  -0.2514574E-04  -0.5145119E-04  -0.8068379E-04  -0.9960652E-04  -0.1156885E-03  -0.1258703E-03  -0.1376271E-03
0.5598096E-04   0.6518621E-04   0.6920322E-04   0.7416798E-04   0.7200911E-04   0.1659332E-03   0.4429213E-04   0.1838545E-04  -0.6481874E-05  -0.3424462E-04  -0.5393827E-04  -0.6706287E-04  -0.8478232E-04  -0.1012162E-03  -0.1072376E-03
-0.3449137E-06   0.6171606E-05   0.1879790E-04   0.3240834E-04   0.3641968E-04   0.4429213E-04   0.1574885E-03   0.2459224E-04   0.1100650E-04  -0.7803564E-05  -0.2883555E-04  -0.4249767E-04  -0.4839605E-04  -0.6262433E-04  -0.6947656E-04
-0.4786976E-04  -0.3338403E-04  -0.2354614E-04  -0.7212307E-05   0.3631471E-05   0.1838545E-04   0.2459224E-04   0.1392659E-03   0.2304371E-04   0.8199025E-05   0.2332643E-05  -0.6780138E-05  -0.1273284E-04  -0.2333516E-04  -0.3101922E-04
-0.9736259E-04  -0.8054239E-04  -0.6096992E-04  -0.4609398E-04  -0.2514574E-04  -0.6481874E-05   0.1100650E-04   0.2304371E-04   0.1397000E-03   0.3873769E-04   0.2910343E-04   0.2242994E-04   0.2064968E-04   0.1576827E-04   0.8967253E-05
-0.1377514E-03  -0.1158378E-03  -0.9351568E-04  -0.7951055E-04  -0.5145119E-04  -0.3424462E-04  -0.7803564E-05   0.8199025E-05   0.3873769E-04   0.1595895E-03   0.5434888E-04   0.5474375E-04   0.5327872E-04   0.5228030E-04   0.4972211E-04
-0.1666296E-03  -0.1449344E-03  -0.1252925E-03  -0.1064317E-03  -0.8068379E-04  -0.5393827E-04  -0.2883555E-04   0.2332643E-05   0.2910343E-04   0.5434888E-04   0.1856399E-03   0.8110224E-04   0.8532028E-04   0.9150338E-04   0.9014831E-04
-0.1995333E-03  -0.1747200E-03  -0.1488037E-03  -0.1280858E-03  -0.9960652E-04  -0.6706287E-04  -0.4249767E-04  -0.6780138E-05   0.2242994E-04   0.5474375E-04   0.8110224E-04   0.2157433E-03   0.1137077E-03   0.1240776E-03   0.1256048E-03
-0.2255268E-03  -0.1983536E-03  -0.1713588E-03  -0.1447994E-03  -0.1156885E-03  -0.8478232E-04  -0.4839605E-04  -0.1273284E-04   0.2064968E-04   0.5327872E-04   0.8532028E-04   0.1137077E-03   0.2379250E-03   0.1562598E-03   0.1686588E-03
-0.2502153E-03  -0.2118845E-03  -0.1909685E-03  -0.1648297E-03  -0.1258703E-03  -0.1012162E-03  -0.6262433E-04  -0.2333516E-04   0.1576827E-04   0.5228030E-04   0.9150338E-04   0.1240776E-03   0.1562598E-03   0.2946241E-03   0.1979593E-03
-0.2539643E-03  -0.2263984E-03  -0.2028852E-03  -0.1731516E-03  -0.1376271E-03  -0.1072376E-03  -0.6947656E-04  -0.3101922E-04   0.8967253E-05   0.4972211E-04   0.9014831E-04   0.1256048E-03   0.1686588E-03   0.1979593E-03   0.3301269E-03
