0.7753123E-03   0.3924103E-03   0.2886847E-03   0.1904505E-03   0.1190876E-03   0.5598609E-04  -0.2907248E-05  -0.7450156E-04  -0.1073714E-03  -0.1533504E-03  -0.1777972E-03  -0.2209043E-03  -0.2524973E-03  -0.2723002E-03  -0.2819312E-03
0.3924103E-03   0.5121196E-03   0.2675055E-03   0.1801337E-03   0.1155703E-03   0.5971833E-04  -0.5104429E-05  -0.5342212E-04  -0.8301317E-04  -0.1294792E-03  -0.1619689E-03  -0.1783402E-03  -0.2083222E-03  -0.2237932E-03  -0.2391609E-03
0.2886847E-03   0.2675055E-03   0.4538865E-03   0.1748909E-03   0.1114664E-03   0.6753482E-04   0.8079689E-05  -0.4395694E-04  -0.7426229E-04  -0.1148702E-03  -0.1457948E-03  -0.1613708E-03  -0.1854902E-03  -0.2011903E-03  -0.2221469E-03
0.1904505E-03   0.1801337E-03   0.1748909E-03   0.3573495E-03   0.1332328E-03   0.7767037E-04   0.2284916E-04  -0.1548967E-04  -0.5326754E-04  -0.9744316E-04  -0.1145904E-03  -0.1384164E-03  -0.1617149E-03  -0.1810012E-03  -0.1786344E-03
0.1190876E-03   0.1155703E-03   0.1114664E-03   0.1332328E-03   0.3127849E-03   0.8221151E-04   0.4903252E-04   0.5522540E-05  -0.3206454E-04  -0.7279843E-04  -0.9381924E-04  -0.1159203E-03  -0.1493118E-03  -0.1464296E-03  -0.1588046E-03
0.5598609E-04   0.5971833E-04   0.6753482E-04   0.7767037E-04   0.8221151E-04   0.2466399E-03   0.4638826E-04   0.1363921E-04  -0.1445264E-04  -0.4426139E-04  -0.6102788E-04  -0.7795391E-04  -0.1006729E-03  -0.1125385E-03  -0.1190566E-03
-0.2907248E-05  -0.5104429E-05   0.8079689E-05   0.2284916E-04   0.4903252E-04   0.4638826E-04   0.2527578E-03   0.3191097E-04   0.1766489E-05  -0.1539943E-04  -0.3064278E-04  -0.5578564E-04  -0.6160830E-04  -0.7481919E-04  -0.7913148E-04
-0.7450156E-04  -0.5342212E-04  -0.4395694E-04  -0.1548967E-04   0.5522540E-05   0.1363921E-04   0.3191097E-04   0.2267687E-03   0.2849655E-04   0.8647717E-05   0.7487747E-05  -0.1027044E-04  -0.2099112E-04  -0.2222779E-04  -0.4114922E-04
-0.1073714E-03  -0.8301317E-04  -0.7426229E-04  -0.5326754E-04  -0.3206454E-04  -0.1445264E-04   0.1766489E-05   0.2849655E-04   0.2079197E-03   0.4122795E-04   0.2933088E-04   0.1574395E-04   0.1982755E-04   0.4043763E-05   0.1465414E-04
-0.1533504E-03  -0.1294792E-03  -0.1148702E-03  -0.9744316E-04  -0.7279843E-04  -0.4426139E-04  -0.1539943E-04   0.8647717E-05   0.4122795E-04   0.2568738E-03   0.6342859E-04   0.4727520E-04   0.5961082E-04   0.4634789E-04   0.4522954E-04
-0.1777972E-03  -0.1619689E-03  -0.1457948E-03  -0.1145904E-03  -0.9381924E-04  -0.6102788E-04  -0.3064278E-04   0.7487747E-05   0.2933088E-04   0.6342859E-04   0.2613432E-03   0.7684519E-04   0.8562637E-04   0.8792793E-04   0.9069165E-04
-0.2209043E-03  -0.1783402E-03  -0.1613708E-03  -0.1384164E-03  -0.1159203E-03  -0.7795391E-04  -0.5578564E-04  -0.1027044E-04   0.1574395E-04   0.4727520E-04   0.7684519E-04   0.2937198E-03   0.1284978E-03   0.1256971E-03   0.1330001E-03
-0.2524973E-03  -0.2083222E-03  -0.1854902E-03  -0.1617149E-03  -0.1493118E-03  -0.1006729E-03  -0.6160830E-04  -0.2099112E-04   0.1982755E-04   0.5961082E-04   0.8562637E-04   0.1284978E-03   0.3260091E-03   0.1731771E-03   0.1703080E-03
-0.2723002E-03  -0.2237932E-03  -0.2011903E-03  -0.1810012E-03  -0.1464296E-03  -0.1125385E-03  -0.7481919E-04  -0.2222779E-04   0.4043763E-05   0.4634789E-04   0.8792793E-04   0.1256971E-03   0.1731771E-03   0.3799748E-03   0.2059230E-03
-0.2819312E-03  -0.2391609E-03  -0.2221469E-03  -0.1786344E-03  -0.1588046E-03  -0.1190566E-03  -0.7913148E-04  -0.4114922E-04   0.1465414E-04   0.4522954E-04   0.9069165E-04   0.1330001E-03   0.1703080E-03   0.2059230E-03   0.4186354E-03
