0.5974346E-03   0.2943245E-03   0.1872690E-03   0.1351013E-03   0.9112284E-04   0.3136919E-04   0.3182698E-05  -0.4594328E-04  -0.7528552E-04  -0.1113889E-03  -0.1391274E-03  -0.1677398E-03  -0.1724934E-03  -0.1972503E-03  -0.2223027E-03
0.2943245E-03   0.4061037E-03   0.1807617E-03   0.1284124E-03   0.9456161E-04   0.4869827E-04   0.1262860E-04  -0.2714912E-04  -0.5892736E-04  -0.9683358E-04  -0.1249436E-03  -0.1453629E-03  -0.1575908E-03  -0.1827635E-03  -0.1926763E-03
0.1872690E-03   0.1807617E-03   0.3430402E-03   0.1224844E-03   0.9219641E-04   0.4607376E-04   0.1008412E-04  -0.2011116E-04  -0.5339695E-04  -0.7217765E-04  -0.1047379E-03  -0.1249814E-03  -0.1402542E-03  -0.1537858E-03  -0.1637592E-03
0.1351013E-03   0.1284124E-03   0.1224844E-03   0.2926759E-03   0.8575658E-04   0.5416180E-04   0.1490074E-04  -0.1384234E-04  -0.4222155E-04  -0.6245600E-04  -0.8515484E-04  -0.1024877E-03  -0.1199243E-03  -0.1318889E-03  -0.1386328E-03
0.9112284E-04   0.9456161E-04   0.9219641E-04   0.8575658E-04   0.2511890E-03   0.4604351E-04   0.2379071E-04  -0.2986975E-05  -0.2823342E-04  -0.4845942E-04  -0.7611755E-04  -0.8163425E-04  -0.9801612E-04  -0.1123058E-03  -0.1201176E-03
0.3136919E-04   0.4869827E-04   0.4607376E-04   0.5416180E-04   0.4604351E-04   0.1986126E-03   0.3465716E-04   0.9749627E-05  -0.1601601E-04  -0.2532523E-04  -0.4344013E-04  -0.5683666E-04  -0.7023505E-04  -0.8200847E-04  -0.8688596E-04
0.3182698E-05   0.1262860E-04   0.1008412E-04   0.1490074E-04   0.2379071E-04   0.3465716E-04   0.1991034E-03   0.1598684E-04  -0.1248522E-05  -0.1922029E-04  -0.2773657E-04  -0.3680554E-04  -0.4852301E-04  -0.5425805E-04  -0.6613170E-04
-0.4594328E-04  -0.2714912E-04  -0.2011116E-04  -0.1384234E-04  -0.2986975E-05   0.9749627E-05   0.1598684E-04   0.1929028E-03   0.1566962E-04   0.7091489E-05  -0.4110385E-05  -0.1625870E-04  -0.2232231E-04  -0.3181899E-04  -0.2369071E-04
-0.7528552E-04  -0.5892736E-04  -0.5339695E-04  -0.4222155E-04  -0.2823342E-04  -0.1601601E-04  -0.1248522E-05   0.1566962E-04   0.1809254E-03   0.2451227E-04   0.1661058E-04   0.1041318E-04   0.1118029E-04   0.9230415E-05   0.4954212E-05
-0.1113889E-03  -0.9683358E-04  -0.7217765E-04  -0.6245600E-04  -0.4845942E-04  -0.2532523E-04  -0.1922029E-04   0.7091489E-05   0.2451227E-04   0.2017496E-03   0.3687082E-04   0.3310892E-04   0.3570053E-04   0.3120594E-04   0.4091456E-04
-0.1391274E-03  -0.1249436E-03  -0.1047379E-03  -0.8515484E-04  -0.7611755E-04  -0.4344013E-04  -0.2773657E-04  -0.4110385E-05   0.1661058E-04   0.3687082E-04   0.2269050E-03   0.6014498E-04   0.6492028E-04   0.6591286E-04   0.6332177E-04
-0.1677398E-03  -0.1453629E-03  -0.1249814E-03  -0.1024877E-03  -0.8163425E-04  -0.5683666E-04  -0.3680554E-04  -0.1625870E-04   0.1041318E-04   0.3310892E-04   0.6014498E-04   0.2496381E-03   0.8913037E-04   0.9234760E-04   0.9654010E-04
-0.1724934E-03  -0.1575908E-03  -0.1402542E-03  -0.1199243E-03  -0.9801612E-04  -0.7023505E-04  -0.4852301E-04  -0.2232231E-04   0.1118029E-04   0.3570053E-04   0.6492028E-04   0.8913037E-04   0.2560137E-03   0.1211219E-03   0.1277140E-03
-0.1972503E-03  -0.1827635E-03  -0.1537858E-03  -0.1318889E-03  -0.1123058E-03  -0.8200847E-04  -0.5425805E-04  -0.3181899E-04   0.9230415E-05   0.3120594E-04   0.6591286E-04   0.9234760E-04   0.1211219E-03   0.3156326E-03   0.1561976E-03
-0.2223027E-03  -0.1926763E-03  -0.1637592E-03  -0.1386328E-03  -0.1201176E-03  -0.8688596E-04  -0.6613170E-04  -0.2369071E-04   0.4954212E-05   0.4091456E-04   0.6332177E-04   0.9654010E-04   0.1277140E-03   0.1561976E-03   0.3502429E-03
