0.1227174E-02   0.7386235E-03   0.5320775E-03   0.3794361E-03   0.2646702E-03   0.1006013E-03   0.7887554E-05  -0.1015859E-03  -0.1699403E-03  -0.2900520E-03  -0.3440947E-03  -0.4015261E-03  -0.4402439E-03  -0.4915771E-03  -0.5186646E-03
0.7386235E-03   0.8168777E-03   0.4941631E-03   0.3670217E-03   0.2547883E-03   0.1197903E-03   0.2778136E-04  -0.6831564E-04  -0.1418821E-03  -0.2395090E-03  -0.3018064E-03  -0.3629989E-03  -0.3809251E-03  -0.4293538E-03  -0.4594036E-03
0.5320775E-03   0.4941631E-03   0.6282791E-03   0.3422474E-03   0.2507627E-03   0.1353148E-03   0.4370294E-04  -0.3572988E-04  -0.1052761E-03  -0.1941126E-03  -0.2569784E-03  -0.3090099E-03  -0.3384672E-03  -0.3866183E-03  -0.4094084E-03
0.3794361E-03   0.3670217E-03   0.3422474E-03   0.4852120E-03   0.2239030E-03   0.1336554E-03   0.5545011E-04  -0.2245599E-04  -0.7675421E-04  -0.1526350E-03  -0.1967502E-03  -0.2511186E-03  -0.2821079E-03  -0.3216921E-03  -0.3426305E-03
0.2646702E-03   0.2547883E-03   0.2507627E-03   0.2239030E-03   0.4045951E-03   0.1516569E-03   0.7572743E-04  -0.7279730E-05  -0.4287870E-04  -0.1155655E-03  -0.1624000E-03  -0.2023478E-03  -0.2376499E-03  -0.2746833E-03  -0.2884416E-03
0.1006013E-03   0.1197903E-03   0.1353148E-03   0.1336554E-03   0.1516569E-03   0.3009650E-03   0.9144206E-04   0.3469680E-04  -0.3273125E-05  -0.5596604E-04  -0.9847245E-04  -0.1339131E-03  -0.1664225E-03  -0.1951574E-03  -0.2019906E-03
0.7887554E-05   0.2778136E-04   0.4370294E-04   0.5545011E-04   0.7572743E-04   0.9144206E-04   0.2719312E-03   0.5878425E-04   0.1433632E-04  -0.2118464E-04  -0.5565440E-04  -0.7276397E-04  -0.1024160E-03  -0.1311535E-03  -0.1313020E-03
-0.1015859E-03  -0.6831564E-04  -0.3572988E-04  -0.2245599E-04  -0.7279730E-05   0.3469680E-04   0.5878425E-04   0.2468778E-03   0.4969839E-04   0.2745659E-04  -0.2838640E-05  -0.1050986E-04  -0.2385436E-04  -0.4599766E-04  -0.4946290E-04
-0.1699403E-03  -0.1418821E-03  -0.1052761E-03  -0.7675421E-04  -0.4287870E-04  -0.3273125E-05   0.1433632E-04   0.4969839E-04   0.2252539E-03   0.6867586E-04   0.5222014E-04   0.4561256E-04   0.3432926E-04   0.2100578E-04   0.1582017E-04
-0.2900520E-03  -0.2395090E-03  -0.1941126E-03  -0.1526350E-03  -0.1155655E-03  -0.5596604E-04  -0.2118464E-04   0.2745659E-04   0.6867586E-04   0.2788559E-03   0.1112908E-03   0.1178842E-03   0.1084137E-03   0.1182106E-03   0.1200740E-03
-0.3440947E-03  -0.3018064E-03  -0.2569784E-03  -0.1967502E-03  -0.1624000E-03  -0.9847245E-04  -0.5565440E-04  -0.2838640E-05   0.5222014E-04   0.1112908E-03   0.3327818E-03   0.1836864E-03   0.1796296E-03   0.1818604E-03   0.1982068E-03
-0.4015261E-03  -0.3629989E-03  -0.3090099E-03  -0.2511186E-03  -0.2023478E-03  -0.1339131E-03  -0.7276397E-04  -0.1050986E-04   0.4561256E-04   0.1178842E-03   0.1836864E-03   0.3998465E-03   0.2369265E-03   0.2490865E-03   0.2604244E-03
-0.4402439E-03  -0.3809251E-03  -0.3384672E-03  -0.2821079E-03  -0.2376499E-03  -0.1664225E-03  -0.1024160E-03  -0.2385436E-04   0.3432926E-04   0.1084137E-03   0.1796296E-03   0.2369265E-03   0.4359661E-03   0.3271023E-03   0.3236019E-03
-0.4915771E-03  -0.4293538E-03  -0.3866183E-03  -0.3216921E-03  -0.2746833E-03  -0.1951574E-03  -0.1311535E-03  -0.4599766E-04   0.2100578E-04   0.1182106E-03   0.1818604E-03   0.2490865E-03   0.3271023E-03   0.5729561E-03   0.4090043E-03
-0.5186646E-03  -0.4594036E-03  -0.4094084E-03  -0.3426305E-03  -0.2884416E-03  -0.2019906E-03  -0.1313020E-03  -0.4946290E-04   0.1582017E-04   0.1200740E-03   0.1982068E-03   0.2604244E-03   0.3236019E-03   0.4090043E-03   0.6278366E-03
