0.7776914E-03   0.4042278E-03   0.2990060E-03   0.2083543E-03   0.1458300E-03   0.7112038E-04   0.2619847E-04  -0.4123222E-04  -0.9718546E-04  -0.1258086E-03  -0.1650987E-03  -0.1817255E-03  -0.2343268E-03  -0.2545833E-03  -0.2764272E-03  -0.2805668E-03
0.4042278E-03   0.5498163E-03   0.2754308E-03   0.1978705E-03   0.1324306E-03   0.7804742E-04   0.1431379E-04  -0.3203247E-04  -0.8757262E-04  -0.1065907E-03  -0.1449357E-03  -0.1660560E-03  -0.1848954E-03  -0.2179183E-03  -0.2249808E-03  -0.2414010E-03
0.2990060E-03   0.2754308E-03   0.4663595E-03   0.1938377E-03   0.1278371E-03   0.7687446E-04   0.3872675E-04  -0.1661201E-04  -0.6539067E-04  -0.8823411E-04  -0.1256390E-03  -0.1487497E-03  -0.1709940E-03  -0.1946848E-03  -0.2112547E-03  -0.2268488E-03
0.2083543E-03   0.1978705E-03   0.1938377E-03   0.4013570E-03   0.1447073E-03   0.9706758E-04   0.4182104E-04   0.5287967E-06  -0.4806326E-04  -0.8573420E-04  -0.1151807E-03  -0.1326961E-03  -0.1585163E-03  -0.1704923E-03  -0.1806940E-03  -0.1927317E-03
0.1458300E-03   0.1324306E-03   0.1278371E-03   0.1447073E-03   0.3261161E-03   0.9857317E-04   0.4606426E-04   0.2484208E-04  -0.1347226E-04  -0.5548084E-04  -0.8609783E-04  -0.1061777E-03  -0.1228987E-03  -0.1593650E-03  -0.1595477E-03  -0.1698074E-03
0.7112038E-04   0.7804742E-04   0.7687446E-04   0.9706758E-04   0.9857317E-04   0.2882729E-03   0.6513344E-04   0.2353889E-04  -0.1147313E-04  -0.3669710E-04  -0.6797593E-04  -0.7862871E-04  -0.1008446E-03  -0.1240670E-03  -0.1235109E-03  -0.1256255E-03
0.2619847E-04   0.1431379E-04   0.3872675E-04   0.4182104E-04   0.4606426E-04   0.6513344E-04   0.2634277E-03   0.3999958E-04   0.8062112E-05  -0.1737553E-04  -0.3215289E-04  -0.4840901E-04  -0.7014147E-04  -0.8253311E-04  -0.8394828E-04  -0.1047912E-03
-0.4123222E-04  -0.3203247E-04  -0.1661201E-04   0.5287967E-06   0.2484208E-04   0.2353889E-04   0.3999958E-04   0.2326549E-03   0.2708366E-04   0.1322508E-04  -0.4772546E-05  -0.1047594E-04  -0.3327924E-04  -0.4236405E-04  -0.5159324E-04  -0.6166451E-04
-0.9718546E-04  -0.8757262E-04  -0.6539067E-04  -0.4806326E-04  -0.1347226E-04  -0.1147313E-04   0.8062112E-05   0.2708366E-04   0.2243058E-03   0.3083281E-04   0.1569793E-04   0.1579898E-04   0.5065296E-05   0.9147221E-05   0.6434652E-05  -0.6650809E-05
-0.1258086E-03  -0.1065907E-03  -0.8823411E-04  -0.8573420E-04  -0.5548084E-04  -0.3669710E-04  -0.1737553E-04   0.1322508E-04   0.3083281E-04   0.2394667E-03   0.6133055E-04   0.3590148E-04   0.2954853E-04   0.3536536E-04   0.1519474E-04   0.2970950E-04
-0.1650987E-03  -0.1449357E-03  -0.1256390E-03  -0.1151807E-03  -0.8609783E-04  -0.6797593E-04  -0.3215289E-04  -0.4772546E-05   0.1569793E-04   0.6133055E-04   0.2863261E-03   0.6070472E-04   0.6167678E-04   0.6603255E-04   0.6185931E-04   0.5882393E-04
-0.1817255E-03  -0.1660560E-03  -0.1487497E-03  -0.1326961E-03  -0.1061777E-03  -0.7862871E-04  -0.4840901E-04  -0.1047594E-04   0.1579898E-04   0.3590148E-04   0.6070472E-04   0.2714142E-03   0.9500487E-04   0.9699500E-04   0.9759565E-04   0.1053058E-03
-0.2343268E-03  -0.1848954E-03  -0.1709940E-03  -0.1585163E-03  -0.1228987E-03  -0.1008446E-03  -0.7014147E-04  -0.3327924E-04   0.5065296E-05   0.2954853E-04   0.6167678E-04   0.9500487E-04   0.3126271E-03   0.1375662E-03   0.1404034E-03   0.1422440E-03
-0.2545833E-03  -0.2179183E-03  -0.1946848E-03  -0.1704923E-03  -0.1593650E-03  -0.1240670E-03  -0.8253311E-04  -0.4236405E-04   0.9147221E-05   0.3536536E-04   0.6603255E-04   0.9699500E-04   0.1375662E-03   0.3558398E-03   0.1831899E-03   0.1804360E-03
-0.2764272E-03  -0.2249808E-03  -0.2112547E-03  -0.1806940E-03  -0.1595477E-03  -0.1235109E-03  -0.8394828E-04  -0.5159324E-04   0.6434652E-05   0.1519474E-04   0.6185931E-04   0.9759565E-04   0.1404034E-03   0.1831899E-03   0.3841369E-03   0.2107482E-03
-0.2805668E-03  -0.2414010E-03  -0.2268488E-03  -0.1927317E-03  -0.1698074E-03  -0.1256255E-03  -0.1047912E-03  -0.6166451E-04  -0.6650809E-05   0.2970950E-04   0.5882393E-04   0.1053058E-03   0.1422440E-03   0.1804360E-03   0.2107482E-03   0.4337460E-03
