0.1107980E-02   0.6103360E-03   0.4308164E-03   0.3199018E-03   0.2159302E-03   0.1286230E-03   0.4207334E-04  -0.5291877E-04  -0.1383912E-03  -0.1839037E-03  -0.2443968E-03  -0.2882526E-03  -0.3434061E-03  -0.3818401E-03  -0.3913309E-03  -0.4194804E-03
0.6103360E-03   0.7724855E-03   0.3979880E-03   0.3129258E-03   0.1991797E-03   0.1293390E-03   0.4436182E-04  -0.4100863E-04  -0.1118186E-03  -0.1542852E-03  -0.2160541E-03  -0.2684889E-03  -0.2919576E-03  -0.3234588E-03  -0.3399464E-03  -0.3600257E-03
0.4308164E-03   0.3979880E-03   0.5962944E-03   0.2947983E-03   0.1996832E-03   0.1378167E-03   0.6015643E-04  -0.1969146E-04  -0.8418614E-04  -0.1202336E-03  -0.1797863E-03  -0.2335313E-03  -0.2614069E-03  -0.2852380E-03  -0.3012335E-03  -0.3131136E-03
0.3199018E-03   0.3129258E-03   0.2947983E-03   0.5273668E-03   0.1990981E-03   0.1426696E-03   0.6162600E-04  -0.3819789E-05  -0.6720431E-04  -0.1203517E-03  -0.1565615E-03  -0.1911940E-03  -0.2207741E-03  -0.2528306E-03  -0.2715073E-03  -0.2819656E-03
0.2159302E-03   0.1991797E-03   0.1996832E-03   0.1990981E-03   0.4093917E-03   0.1532212E-03   0.6562076E-04   0.3007608E-04  -0.2747060E-04  -0.7668971E-04  -0.1160568E-03  -0.1515179E-03  -0.1796334E-03  -0.2133487E-03  -0.2253743E-03  -0.2315966E-03
0.1286230E-03   0.1293390E-03   0.1378167E-03   0.1426696E-03   0.1532212E-03   0.3757431E-03   0.8889275E-04   0.3103723E-04  -0.4659871E-05  -0.5801249E-04  -0.9114293E-04  -0.1186168E-03  -0.1469649E-03  -0.1725400E-03  -0.1956527E-03  -0.1938599E-03
0.4207334E-04   0.4436182E-04   0.6015643E-04   0.6162600E-04   0.6562076E-04   0.8889275E-04   0.3208307E-03   0.6114658E-04   0.2308389E-04  -0.2275167E-04  -0.4741909E-04  -0.7140891E-04  -0.1051740E-03  -0.1121791E-03  -0.1201469E-03  -0.1413531E-03
-0.5291877E-04  -0.4100863E-04  -0.1969146E-04  -0.3819789E-05   0.3007608E-04   0.3103723E-04   0.6114658E-04   0.3002062E-03   0.4738851E-04   0.1418429E-04  -0.5680828E-05  -0.1345335E-04  -0.4535443E-04  -0.5046756E-04  -0.7466308E-04  -0.8352571E-04
-0.1383912E-03  -0.1118186E-03  -0.8418614E-04  -0.6720431E-04  -0.2747060E-04  -0.4659871E-05   0.2308389E-04   0.4738851E-04   0.2768217E-03   0.4829739E-04   0.3050231E-04   0.2654010E-04   0.5127295E-05   0.1651094E-04  -0.6978853E-05  -0.1386700E-04
-0.1839037E-03  -0.1542852E-03  -0.1202336E-03  -0.1203517E-03  -0.7668971E-04  -0.5801249E-04  -0.2275167E-04   0.1418429E-04   0.4829739E-04   0.2907995E-03   0.7444117E-04   0.6300077E-04   0.5338306E-04   0.5973067E-04   0.4447239E-04   0.5141718E-04
-0.2443968E-03  -0.2160541E-03  -0.1797863E-03  -0.1565615E-03  -0.1160568E-03  -0.9114293E-04  -0.4741909E-04  -0.5680828E-05   0.3050231E-04   0.7444117E-04   0.3358913E-03   0.1131468E-03   0.1027616E-03   0.1009191E-03   0.1018818E-03   0.9597154E-04
-0.2882526E-03  -0.2684889E-03  -0.2335313E-03  -0.1911940E-03  -0.1515179E-03  -0.1186168E-03  -0.7140891E-04  -0.1345335E-04   0.2654010E-04   0.6300077E-04   0.1131468E-03   0.3559290E-03   0.1502374E-03   0.1533378E-03   0.1592505E-03   0.1632040E-03
-0.3434061E-03  -0.2919576E-03  -0.2614069E-03  -0.2207741E-03  -0.1796334E-03  -0.1469649E-03  -0.1051740E-03  -0.4535443E-04   0.5127295E-05   0.5338306E-04   0.1027616E-03   0.1502374E-03   0.4201287E-03   0.2117648E-03   0.2086604E-03   0.2195708E-03
-0.3818401E-03  -0.3234588E-03  -0.2852380E-03  -0.2528306E-03  -0.2133487E-03  -0.1725400E-03  -0.1121791E-03  -0.5046756E-04   0.1651094E-04   0.5973067E-04   0.1009191E-03   0.1533378E-03   0.2117648E-03   0.4632087E-03   0.2592098E-03   0.2603297E-03
-0.3913309E-03  -0.3399464E-03  -0.3012335E-03  -0.2715073E-03  -0.2253743E-03  -0.1956527E-03  -0.1201469E-03  -0.7466308E-04  -0.6978853E-05   0.4447239E-04   0.1018818E-03   0.1592505E-03   0.2086604E-03   0.2592098E-03   0.5234274E-03   0.3118044E-03
-0.4194804E-03  -0.3600257E-03  -0.3131136E-03  -0.2819656E-03  -0.2315966E-03  -0.1938599E-03  -0.1413531E-03  -0.8352571E-04  -0.1386700E-04   0.5141718E-04   0.9597154E-04   0.1632040E-03   0.2195708E-03   0.2603297E-03   0.3118044E-03   0.5709506E-03
