0.5991680E-03   0.3016932E-03   0.1991621E-03   0.1467337E-03   0.1056279E-03   0.4927513E-04   0.1267118E-04  -0.2042373E-04  -0.6795580E-04  -0.8769453E-04  -0.1206094E-03  -0.1468094E-03  -0.1714056E-03  -0.1717346E-03  -0.2006659E-03  -0.2170293E-03
0.3016932E-03   0.4322970E-03   0.1899618E-03   0.1328655E-03   0.1128532E-03   0.5751958E-04   0.2831012E-04  -0.8497898E-05  -0.4339063E-04  -0.8664106E-04  -0.1063430E-03  -0.1318516E-03  -0.1508626E-03  -0.1653550E-03  -0.1865577E-03  -0.1934485E-03
0.1991621E-03   0.1899618E-03   0.3490365E-03   0.1364063E-03   0.1029899E-03   0.5872350E-04   0.2197263E-04  -0.1366693E-04  -0.4149741E-04  -0.6156572E-04  -0.9332406E-04  -0.1062585E-03  -0.1359818E-03  -0.1413074E-03  -0.1555344E-03  -0.1586324E-03
0.1467337E-03   0.1328655E-03   0.1364063E-03   0.3272407E-03   0.9864564E-04   0.5985479E-04   0.4110990E-04  -0.1065555E-04  -0.3629141E-04  -0.4950045E-04  -0.7331865E-04  -0.9368399E-04  -0.1181667E-03  -0.1257161E-03  -0.1406200E-03  -0.1481339E-03
0.1056279E-03   0.1128532E-03   0.1029899E-03   0.9864564E-04   0.2705336E-03   0.5430719E-04   0.3892209E-04   0.5669272E-05  -0.2766633E-04  -0.4855453E-04  -0.5452866E-04  -0.8501099E-04  -0.9588234E-04  -0.1066105E-03  -0.1193983E-03  -0.1258522E-03
0.4927513E-04   0.5751958E-04   0.5872350E-04   0.5985479E-04   0.5430719E-04   0.2197716E-03   0.3663411E-04   0.2088471E-04  -0.8340235E-05  -0.2267058E-04  -0.4312873E-04  -0.5628065E-04  -0.6547815E-04  -0.7846570E-04  -0.9165841E-04  -0.9505779E-04
0.1267118E-04   0.2831012E-04   0.2197263E-04   0.4110990E-04   0.3892209E-04   0.3663411E-04   0.2275507E-03   0.1482285E-04  -0.2427480E-05  -0.8841308E-05  -0.2476111E-04  -0.3936973E-04  -0.5467409E-04  -0.6262946E-04  -0.7083015E-04  -0.7594679E-04
-0.2042373E-04  -0.8497898E-05  -0.1366693E-04  -0.1065555E-04   0.5669272E-05   0.2088471E-04   0.1482285E-04   0.1965085E-03   0.1863495E-04   0.1152763E-05  -0.1180451E-04  -0.1430365E-04  -0.2216351E-04  -0.3732894E-04  -0.4096188E-04  -0.3761965E-04
-0.6795580E-04  -0.4339063E-04  -0.4149741E-04  -0.3629141E-04  -0.2766633E-04  -0.8340235E-05  -0.2427480E-05   0.1863495E-04   0.1823485E-03   0.2451003E-04   0.9694772E-05   0.8448429E-05   0.5449166E-05  -0.2072617E-05  -0.2100777E-06  -0.7619219E-05
-0.8769453E-04  -0.8664106E-04  -0.6156572E-04  -0.4950045E-04  -0.4855453E-04  -0.2267058E-04  -0.8841308E-05   0.1152763E-05   0.2451003E-04   0.2194270E-03   0.2112669E-04   0.2163170E-04   0.1936879E-04   0.1873498E-04   0.1455374E-04   0.1749968E-04
-0.1206094E-03  -0.1063430E-03  -0.9332406E-04  -0.7331865E-04  -0.5452866E-04  -0.4312873E-04  -0.2476111E-04  -0.1180451E-04   0.9694772E-05   0.2112669E-04   0.2294496E-03   0.4601788E-04   0.4001540E-04   0.4307660E-04   0.4429699E-04   0.5072891E-04
-0.1468094E-03  -0.1318516E-03  -0.1062585E-03  -0.9368399E-04  -0.8501099E-04  -0.5628065E-04  -0.3936973E-04  -0.1430365E-04   0.8448429E-05   0.2163170E-04   0.4601788E-04   0.2300083E-03   0.7077453E-04   0.7579092E-04   0.7034667E-04   0.7255377E-04
-0.1714056E-03  -0.1508626E-03  -0.1359818E-03  -0.1181667E-03  -0.9588234E-04  -0.6547815E-04  -0.5467409E-04  -0.2216351E-04   0.5449166E-05   0.1936879E-04   0.4001540E-04   0.7077453E-04   0.2606156E-03   0.9609834E-04   0.1073439E-03   0.1058665E-03
-0.1717346E-03  -0.1653550E-03  -0.1413074E-03  -0.1257161E-03  -0.1066105E-03  -0.7846570E-04  -0.6262946E-04  -0.3732894E-04  -0.2072617E-05   0.1873498E-04   0.4307660E-04   0.7579092E-04   0.9609834E-04   0.2754377E-03   0.1274528E-03   0.1278932E-03
-0.2006659E-03  -0.1865577E-03  -0.1555344E-03  -0.1406200E-03  -0.1193983E-03  -0.9165841E-04  -0.7083015E-04  -0.4096188E-04  -0.2100777E-06   0.1455374E-04   0.4429699E-04   0.7034667E-04   0.1073439E-03   0.1274528E-03   0.3229381E-03   0.1568293E-03
-0.2170293E-03  -0.1934485E-03  -0.1586324E-03  -0.1481339E-03  -0.1258522E-03  -0.9505779E-04  -0.7594679E-04  -0.3761965E-04  -0.7619219E-05   0.1749968E-04   0.5072891E-04   0.7255377E-04   0.1058665E-03   0.1278932E-03   0.1568293E-03   0.3516334E-03
