0.1230029E-02   0.7476110E-03   0.5570045E-03   0.4233145E-03   0.2948198E-03   0.1552401E-03   0.3716780E-04  -0.4724558E-04  -0.1391784E-03  -0.2221370E-03  -0.3204582E-03  -0.3574725E-03  -0.4144490E-03  -0.4415126E-03  -0.4995521E-03  -0.5071490E-03
0.7476110E-03   0.8487918E-03   0.5156517E-03   0.3964445E-03   0.2694325E-03   0.1651515E-03   0.5279681E-04  -0.2072830E-04  -0.1132626E-03  -0.1919112E-03  -0.2653902E-03  -0.3233566E-03  -0.3721249E-03  -0.3831308E-03  -0.4343881E-03  -0.4558653E-03
0.5570045E-03   0.5156517E-03   0.6583833E-03   0.3803454E-03   0.2772440E-03   0.1806217E-03   0.7122123E-04  -0.2483160E-05  -0.7580851E-04  -0.1523614E-03  -0.2286342E-03  -0.2819377E-03  -0.3274953E-03  -0.3472818E-03  -0.4057746E-03  -0.4123896E-03
0.4233145E-03   0.3964445E-03   0.3803454E-03   0.5522856E-03   0.2426102E-03   0.1682902E-03   0.8018608E-04   0.2719999E-05  -0.5902257E-04  -0.1236727E-03  -0.1867003E-03  -0.2249123E-03  -0.2727806E-03  -0.3098310E-03  -0.3496617E-03  -0.3583464E-03
0.2948198E-03   0.2694325E-03   0.2772440E-03   0.2426102E-03   0.4135402E-03   0.1791658E-03   0.9464400E-04   0.2412234E-04  -0.2974601E-04  -0.8845563E-04  -0.1455888E-03  -0.1736359E-03  -0.2192036E-03  -0.2526740E-03  -0.2869946E-03  -0.2921232E-03
0.1552401E-03   0.1651515E-03   0.1806217E-03   0.1682902E-03   0.1791658E-03   0.3474284E-03   0.1157614E-03   0.4876942E-04   0.1069847E-05  -0.4533526E-04  -0.9751102E-04  -0.1348066E-03  -0.1704545E-03  -0.2027002E-03  -0.2313518E-03  -0.2355633E-03
0.3716780E-04   0.5279681E-04   0.7122123E-04   0.8018608E-04   0.9464400E-04   0.1157614E-03   0.2895757E-03   0.7284896E-04   0.3352951E-04  -0.6797856E-05  -0.4892255E-04  -0.8276993E-04  -0.9653902E-04  -0.1311185E-03  -0.1585226E-03  -0.1584542E-03
-0.4724558E-04  -0.2072830E-04  -0.2483160E-05   0.2719999E-05   0.2412234E-04   0.4876942E-04   0.7284896E-04   0.2467784E-03   0.5225623E-04   0.2225855E-04  -0.4173105E-05  -0.3346829E-04  -0.4687499E-04  -0.6353055E-04  -0.8177961E-04  -0.8299042E-04
-0.1391784E-03  -0.1132626E-03  -0.7580851E-04  -0.5902257E-04  -0.2974601E-04   0.1069847E-05   0.3352951E-04   0.5225623E-04   0.2402131E-03   0.6264097E-04   0.3198754E-04   0.2488063E-04   0.1788502E-04   0.4560996E-06  -0.1332966E-04  -0.1751172E-04
-0.2221370E-03  -0.1919112E-03  -0.1523614E-03  -0.1236727E-03  -0.8845563E-04  -0.4533526E-04  -0.6797856E-05   0.2225855E-04   0.6264097E-04   0.2570622E-03   0.8949575E-04   0.7272539E-04   0.7289240E-04   0.7397303E-04   0.6629504E-04   0.5835388E-04
-0.3204582E-03  -0.2653902E-03  -0.2286342E-03  -0.1867003E-03  -0.1455888E-03  -0.9751102E-04  -0.4892255E-04  -0.4173105E-05   0.3198754E-04   0.8949575E-04   0.3217262E-03   0.1401772E-03   0.1409421E-03   0.1289618E-03   0.1446875E-03   0.1536849E-03
-0.3574725E-03  -0.3233566E-03  -0.2819377E-03  -0.2249123E-03  -0.1736359E-03  -0.1348066E-03  -0.8276993E-04  -0.3346829E-04   0.2488063E-04   0.7272539E-04   0.1401772E-03   0.3516884E-03   0.2045880E-03   0.1935507E-03   0.2100598E-03   0.2118940E-03
-0.4144490E-03  -0.3721249E-03  -0.3274953E-03  -0.2727806E-03  -0.2192036E-03  -0.1704545E-03  -0.9653902E-04  -0.4687499E-04   0.1788502E-04   0.7289240E-04   0.1409421E-03   0.2045880E-03   0.4032705E-03   0.2542697E-03   0.2757896E-03   0.2785514E-03
-0.4415126E-03  -0.3831308E-03  -0.3472818E-03  -0.3098310E-03  -0.2526740E-03  -0.2027002E-03  -0.1311185E-03  -0.6353055E-04   0.4560996E-06   0.7397303E-04   0.1289618E-03   0.1935507E-03   0.2542697E-03   0.4705138E-03   0.3439958E-03   0.3298115E-03
-0.4995521E-03  -0.4343881E-03  -0.4057746E-03  -0.3496617E-03  -0.2869946E-03  -0.2313518E-03  -0.1585226E-03  -0.8177961E-04  -0.1332966E-04   0.6629504E-04   0.1446875E-03   0.2100598E-03   0.2757896E-03   0.3439958E-03   0.5917132E-03   0.4192002E-03
-0.5071490E-03  -0.4558653E-03  -0.4123896E-03  -0.3583464E-03  -0.2921232E-03  -0.2355633E-03  -0.1584542E-03  -0.8299042E-04  -0.1751172E-04   0.5835388E-04   0.1536849E-03   0.2118940E-03   0.2785514E-03   0.3298115E-03   0.4192002E-03   0.6210644E-03
