0.6324257E-03   0.3770213E-03   0.2795684E-03   0.2078955E-03   0.1391611E-03   0.7708104E-04   0.2282745E-04  -0.2800588E-04  -0.8061283E-04  -0.1089783E-03  -0.1491235E-03  -0.1816853E-03  -0.2016031E-03  -0.2293437E-03  -0.2547752E-03  -0.2503188E-03
0.3770213E-03   0.4463091E-03   0.2542857E-03   0.1928297E-03   0.1360199E-03   0.8185936E-04   0.2758460E-04  -0.2031454E-04  -0.6102804E-04  -0.9988655E-04  -0.1268742E-03  -0.1610210E-03  -0.1786737E-03  -0.2021470E-03  -0.2203646E-03  -0.2239758E-03
0.2795684E-03   0.2542857E-03   0.3446791E-03   0.1838283E-03   0.1331271E-03   0.8778724E-04   0.3448557E-04  -0.6768883E-05  -0.5150806E-04  -0.7271037E-04  -0.1074427E-03  -0.1369884E-03  -0.1583367E-03  -0.1778390E-03  -0.1982445E-03  -0.2025126E-03
0.2078955E-03   0.1928297E-03   0.1838283E-03   0.2945689E-03   0.1262208E-03   0.8602914E-04   0.4795796E-04   0.4569065E-05  -0.3252352E-04  -0.7009222E-04  -0.9321150E-04  -0.1253469E-03  -0.1398082E-03  -0.1538691E-03  -0.1780411E-03  -0.1716627E-03
0.1391611E-03   0.1360199E-03   0.1331271E-03   0.1262208E-03   0.2237536E-03   0.8656876E-04   0.4934035E-04   0.1724252E-04  -0.1876807E-04  -0.4343884E-04  -0.6967452E-04  -0.9655579E-04  -0.1144178E-03  -0.1268250E-03  -0.1422023E-03  -0.1439622E-03
0.7708104E-04   0.8185936E-04   0.8778724E-04   0.8602914E-04   0.8656876E-04   0.1922596E-03   0.5612540E-04   0.2224213E-04   0.1741714E-05  -0.2626025E-04  -0.5368136E-04  -0.6803536E-04  -0.8334957E-04  -0.9999970E-04  -0.1193417E-03  -0.1187813E-03
0.2282745E-04   0.2758460E-04   0.3448557E-04   0.4795796E-04   0.4934035E-04   0.5612540E-04   0.1705619E-03   0.3565446E-04   0.9714415E-05  -0.1669524E-05  -0.3202130E-04  -0.4399186E-04  -0.5401314E-04  -0.6749328E-04  -0.7985808E-04  -0.8317228E-04
-0.2800588E-04  -0.2031454E-04  -0.6768883E-05   0.4569065E-05   0.1724252E-04   0.2224213E-04   0.3565446E-04   0.1397699E-03   0.2670916E-04   0.1084478E-04  -0.3274114E-05  -0.1390820E-04  -0.2125026E-04  -0.3020813E-04  -0.3970357E-04  -0.4387935E-04
-0.8061283E-04  -0.6102804E-04  -0.5150806E-04  -0.3252352E-04  -0.1876807E-04   0.1741714E-05   0.9714415E-05   0.2670916E-04   0.1439566E-03   0.2898661E-04   0.1912499E-04   0.1757673E-04   0.1229509E-04   0.5861840E-05  -0.1265140E-05  -0.9521614E-05
-0.1089783E-03  -0.9988655E-04  -0.7271037E-04  -0.7009222E-04  -0.4343884E-04  -0.2626025E-04  -0.1669524E-05   0.1084478E-04   0.2898661E-04   0.1565084E-03   0.4629144E-04   0.3881829E-04   0.3544753E-04   0.3349883E-04   0.3036033E-04   0.1944483E-04
-0.1491235E-03  -0.1268742E-03  -0.1074427E-03  -0.9321150E-04  -0.6967452E-04  -0.5368136E-04  -0.3202130E-04  -0.3274114E-05   0.1912499E-04   0.4629144E-04   0.1824481E-03   0.6459629E-04   0.6067482E-04   0.6266390E-04   0.6950209E-04   0.6793794E-04
-0.1816853E-03  -0.1610210E-03  -0.1369884E-03  -0.1253469E-03  -0.9655579E-04  -0.6803536E-04  -0.4399186E-04  -0.1390820E-04   0.1757673E-04   0.3881829E-04   0.6459629E-04   0.1981937E-03   0.9507112E-04   0.9782303E-04   0.1076824E-03   0.1037524E-03
-0.2016031E-03  -0.1786737E-03  -0.1583367E-03  -0.1398082E-03  -0.1144178E-03  -0.8334957E-04  -0.5401314E-04  -0.2125026E-04   0.1229509E-04   0.3544753E-04   0.6067482E-04   0.9507112E-04   0.2227974E-03   0.1194936E-03   0.1351110E-03   0.1317604E-03
-0.2293437E-03  -0.2021470E-03  -0.1778390E-03  -0.1538691E-03  -0.1268250E-03  -0.9999970E-04  -0.6749328E-04  -0.3020813E-04   0.5861840E-05   0.3349883E-04   0.6266390E-04   0.9782303E-04   0.1194936E-03   0.2581769E-03   0.1700549E-03   0.1686406E-03
-0.2547752E-03  -0.2203646E-03  -0.1982445E-03  -0.1780411E-03  -0.1422023E-03  -0.1193417E-03  -0.7985808E-04  -0.3970357E-04  -0.1265140E-05   0.3036033E-04   0.6950209E-04   0.1076824E-03   0.1351110E-03   0.1700549E-03   0.3077431E-03   0.2029433E-03
-0.2503188E-03  -0.2239758E-03  -0.2025126E-03  -0.1716627E-03  -0.1439622E-03  -0.1187813E-03  -0.8317228E-04  -0.4387935E-04  -0.9521614E-05   0.1944483E-04   0.6793794E-04   0.1037524E-03   0.1317604E-03   0.1686406E-03   0.2029433E-03   0.3261336E-03
