0.6008350E-03   0.3055854E-03   0.2121662E-03   0.1580837E-03   0.1171674E-03   0.6741047E-04   0.1934357E-04   0.1543104E-05  -0.4807535E-04  -0.7293298E-04  -0.1010170E-03  -0.1380648E-03  -0.1496099E-03  -0.1733810E-03  -0.1720757E-03  -0.2021491E-03  -0.2163381E-03
0.3055854E-03   0.4577494E-03   0.1973073E-03   0.1421594E-03   0.1176968E-03   0.6627568E-04   0.3544000E-04   0.1155327E-04  -0.2811830E-04  -0.6159409E-04  -0.9985448E-04  -0.1218315E-03  -0.1359456E-03  -0.1570352E-03  -0.1639930E-03  -0.1877169E-03  -0.1948034E-03
0.2121662E-03   0.1973073E-03   0.3555649E-03   0.1508177E-03   0.1169019E-03   0.7237807E-04   0.3065406E-04   0.3296137E-05  -0.2450354E-04  -0.4851493E-04  -0.7159791E-04  -0.1059448E-03  -0.1210524E-03  -0.1359358E-03  -0.1566374E-03  -0.1539006E-03  -0.1681229E-03
0.1580837E-03   0.1421594E-03   0.1508177E-03   0.3470892E-03   0.1051298E-03   0.7578338E-04   0.4488480E-04   0.8072575E-05  -0.1658940E-04  -0.4671463E-04  -0.6455607E-04  -0.8868518E-04  -0.1000036E-03  -0.1236944E-03  -0.1398567E-03  -0.1450874E-03  -0.1528043E-03
0.1171674E-03   0.1176968E-03   0.1169019E-03   0.1051298E-03   0.2952113E-03   0.6817749E-04   0.3786191E-04   0.1513462E-04  -0.2322429E-04  -0.3911465E-04  -0.5380904E-04  -0.7443701E-04  -0.9133741E-04  -0.1009368E-03  -0.1142305E-03  -0.1230996E-03  -0.1304616E-03
0.6741047E-04   0.6627568E-04   0.7237807E-04   0.7578338E-04   0.6817749E-04   0.2308294E-03   0.4259054E-04   0.2430055E-04   0.1050023E-04  -0.1604870E-04  -0.3856625E-04  -0.5363950E-04  -0.6823672E-04  -0.7797236E-04  -0.9591443E-04  -0.9454751E-04  -0.1087314E-03
0.1934357E-04   0.3544000E-04   0.3065406E-04   0.4488480E-04   0.3786191E-04   0.4259054E-04   0.2428623E-03   0.3283767E-04   0.1078586E-04  -0.1801084E-04  -0.1755564E-04  -0.3676193E-04  -0.4246085E-04  -0.6119408E-04  -0.7234372E-04  -0.7977480E-04  -0.8110892E-04
0.1543104E-05   0.1155327E-04   0.3296137E-05   0.8072575E-05   0.1513462E-04   0.2430055E-04   0.3283767E-04   0.1983455E-03   0.1826675E-04  -0.1297440E-05  -0.6712194E-05  -0.2134235E-04  -0.3192408E-04  -0.3954989E-04  -0.4907586E-04  -0.5335568E-04  -0.5459690E-04
-0.4807535E-04  -0.2811830E-04  -0.2450354E-04  -0.1658940E-04  -0.2322429E-04   0.1050023E-04   0.1078586E-04   0.1826675E-04   0.2165220E-03   0.1696699E-04   0.1189866E-04  -0.1626397E-06  -0.1521971E-04  -0.1187638E-04  -0.2945895E-04  -0.2597202E-04  -0.2794951E-04
-0.7293298E-04  -0.6159409E-04  -0.4851493E-04  -0.4671463E-04  -0.3911465E-04  -0.1604870E-04  -0.1801084E-04  -0.1297440E-05   0.1696699E-04   0.2002687E-03   0.3122115E-04   0.1518592E-04   0.9290223E-05   0.1146251E-04   0.1315910E-04   0.6869245E-05   0.6969989E-06
-0.1010170E-03  -0.9985448E-04  -0.7159791E-04  -0.6455607E-04  -0.5380904E-04  -0.3856625E-04  -0.1755564E-04  -0.6712194E-05   0.1189866E-04   0.3122115E-04   0.2320402E-03   0.2971015E-04   0.2484840E-04   0.2809244E-04   0.2214050E-04   0.2383118E-04   0.3321200E-04
-0.1380648E-03  -0.1218315E-03  -0.1059448E-03  -0.8868518E-04  -0.7443701E-04  -0.5363950E-04  -0.3676193E-04  -0.2134235E-04  -0.1626397E-06   0.1518592E-04   0.2971015E-04   0.2281834E-03   0.5732861E-04   0.5155002E-04   0.6506323E-04   0.6438763E-04   0.6292886E-04
-0.1496099E-03  -0.1359456E-03  -0.1210524E-03  -0.1000036E-03  -0.9133741E-04  -0.6823672E-04  -0.4246085E-04  -0.3192408E-04  -0.1521971E-04   0.9290223E-05   0.2484840E-04   0.5732861E-04   0.2641297E-03   0.8421875E-04   0.7551170E-04   0.7708559E-04   0.7760031E-04
-0.1733810E-03  -0.1570352E-03  -0.1359358E-03  -0.1236944E-03  -0.1009368E-03  -0.7797236E-04  -0.6119408E-04  -0.3954989E-04  -0.1187638E-04   0.1146251E-04   0.2809244E-04   0.5155002E-04   0.8421875E-04   0.2651174E-03   0.1030958E-03   0.1107937E-03   0.1121877E-03
-0.1720757E-03  -0.1639930E-03  -0.1566374E-03  -0.1398567E-03  -0.1142305E-03  -0.9591443E-04  -0.7234372E-04  -0.4907586E-04  -0.2945895E-04   0.1315910E-04   0.2214050E-04   0.6506323E-04   0.7551170E-04   0.1030958E-03   0.3117418E-03   0.1352181E-03   0.1323214E-03
-0.2021491E-03  -0.1877169E-03  -0.1539006E-03  -0.1450874E-03  -0.1230996E-03  -0.9454751E-04  -0.7977480E-04  -0.5335568E-04  -0.2597202E-04   0.6869245E-05   0.2383118E-04   0.6438763E-04   0.7708559E-04   0.1107937E-03   0.1352181E-03   0.3277421E-03   0.1580792E-03
-0.2163381E-03  -0.1948034E-03  -0.1681229E-03  -0.1528043E-03  -0.1304616E-03  -0.1087314E-03  -0.8110892E-04  -0.5459690E-04  -0.2794951E-04   0.6969989E-06   0.3321200E-04   0.6292886E-04   0.7760031E-04   0.1121877E-03   0.1323214E-03   0.1580792E-03   0.3787391E-03
