0.1233779E-02   0.7585758E-03   0.5914582E-03   0.4465890E-03   0.3209207E-03   0.2039769E-03   0.5899939E-04   0.2314105E-05  -0.1057705E-03  -0.1628955E-03  -0.2637852E-03  -0.3294606E-03  -0.3765790E-03  -0.4119029E-03  -0.4708628E-03  -0.4928944E-03  -0.5087770E-03
0.7585758E-03   0.8865531E-03   0.5429548E-03   0.4093083E-03   0.2939940E-03   0.1988356E-03   0.7826973E-04   0.1950662E-04  -0.7795909E-04  -0.1440926E-03  -0.2306967E-03  -0.2810121E-03  -0.3503005E-03  -0.3674429E-03  -0.4091682E-03  -0.4291582E-03  -0.4638310E-03
0.5914582E-03   0.5429548E-03   0.6955830E-03   0.3982894E-03   0.3045187E-03   0.2165963E-03   0.1016366E-03   0.3226672E-04  -0.5107832E-04  -0.1089988E-03  -0.1856894E-03  -0.2596154E-03  -0.3117108E-03  -0.3361215E-03  -0.3767635E-03  -0.4117493E-03  -0.4254488E-03
0.4465890E-03   0.4093083E-03   0.3982894E-03   0.5777891E-03   0.2659362E-03   0.1969106E-03   0.1031447E-03   0.4104139E-04  -0.3939545E-04  -0.8719667E-04  -0.1527942E-03  -0.2110123E-03  -0.2515828E-03  -0.2802527E-03  -0.3316923E-03  -0.3512217E-03  -0.3701357E-03
0.3209207E-03   0.2939940E-03   0.3045187E-03   0.2659362E-03   0.4631152E-03   0.1964057E-03   0.1147321E-03   0.5133232E-04  -0.1990371E-04  -0.6190346E-04  -0.1210512E-03  -0.1608278E-03  -0.2052086E-03  -0.2388841E-03  -0.2752368E-03  -0.2996876E-03  -0.3083504E-03
0.2039769E-03   0.1988356E-03   0.2165963E-03   0.1969106E-03   0.1964057E-03   0.3823192E-03   0.1286823E-03   0.7591079E-04   0.5044346E-05  -0.2196086E-04  -0.8037006E-04  -0.1276897E-03  -0.1665035E-03  -0.1958518E-03  -0.2379911E-03  -0.2487996E-03  -0.2609940E-03
0.5899939E-04   0.7826973E-04   0.1016366E-03   0.1031447E-03   0.1147321E-03   0.1286823E-03   0.3391540E-03   0.8572331E-04   0.4018259E-04   0.6159499E-05  -0.3170565E-04  -0.7048650E-04  -0.1136926E-03  -0.1274709E-03  -0.1600388E-03  -0.1788286E-03  -0.1813470E-03
0.2314105E-05   0.1950662E-04   0.3226672E-04   0.4104139E-04   0.5133232E-04   0.7591079E-04   0.8572331E-04   0.2683653E-03   0.6453377E-04   0.1942665E-04  -0.1077134E-04  -0.3697102E-04  -0.6939409E-04  -0.7656121E-04  -0.1048060E-03  -0.1156584E-03  -0.1234611E-03
-0.1057705E-03  -0.7795909E-04  -0.5107832E-04  -0.3939545E-04  -0.1990371E-04   0.5044346E-05   0.4018259E-04   0.6453377E-04   0.2735926E-03   0.5538263E-04   0.3079665E-04   0.8735849E-05  -0.6143220E-05  -0.1374226E-04  -0.2787938E-04  -0.4729195E-04  -0.4300090E-04
-0.1628955E-03  -0.1440926E-03  -0.1089988E-03  -0.8719667E-04  -0.6190346E-04  -0.2196086E-04   0.6159499E-05   0.1942665E-04   0.5538263E-04   0.2420670E-03   0.7635703E-04   0.5056136E-04   0.4786600E-04   0.3001030E-04   0.2903049E-04   0.1225898E-04   0.9288584E-05
-0.2637852E-03  -0.2306967E-03  -0.1856894E-03  -0.1527942E-03  -0.1210512E-03  -0.8037006E-04  -0.3170565E-04  -0.1077134E-04   0.3079665E-04   0.7635703E-04   0.3011498E-03   0.9902848E-04   0.9927662E-04   0.8514109E-04   0.9942702E-04   0.9523122E-04   0.9421619E-04
-0.3294606E-03  -0.2810121E-03  -0.2596154E-03  -0.2110123E-03  -0.1608278E-03  -0.1276897E-03  -0.7048650E-04  -0.3697102E-04   0.8735849E-05   0.5056136E-04   0.9902848E-04   0.3157225E-03   0.1657825E-03   0.1549227E-03   0.1685019E-03   0.1712815E-03   0.1777878E-03
-0.3765790E-03  -0.3503005E-03  -0.3117108E-03  -0.2515828E-03  -0.2052086E-03  -0.1665035E-03  -0.1136926E-03  -0.6939409E-04  -0.6143220E-05   0.4786600E-04   0.9927662E-04   0.1657825E-03   0.4061518E-03   0.2206160E-03   0.2189834E-03   0.2280623E-03   0.2377512E-03
-0.4119029E-03  -0.3674429E-03  -0.3361215E-03  -0.2802527E-03  -0.2388841E-03  -0.1958518E-03  -0.1274709E-03  -0.7656121E-04  -0.1374226E-04   0.3001030E-04   0.8514109E-04   0.1549227E-03   0.2206160E-03   0.4083637E-03   0.2784840E-03   0.2885188E-03   0.2939302E-03
-0.4708628E-03  -0.4091682E-03  -0.3767635E-03  -0.3316923E-03  -0.2752368E-03  -0.2379911E-03  -0.1600388E-03  -0.1048060E-03  -0.2787938E-04   0.2903049E-04   0.9942702E-04   0.1685019E-03   0.2189834E-03   0.2784840E-03   0.5369834E-03   0.3585908E-03   0.3480555E-03
-0.4928944E-03  -0.4291582E-03  -0.4117493E-03  -0.3512217E-03  -0.2996876E-03  -0.2487996E-03  -0.1788286E-03  -0.1156584E-03  -0.4729195E-04   0.1225898E-04   0.9523122E-04   0.1712815E-03   0.2280623E-03   0.2885188E-03   0.3585908E-03   0.5869219E-03   0.4224464E-03
-0.5087770E-03  -0.4638310E-03  -0.4254488E-03  -0.3701357E-03  -0.3083504E-03  -0.2609940E-03  -0.1813470E-03  -0.1234611E-03  -0.4300090E-04   0.9288584E-05   0.9421619E-04   0.1777878E-03   0.2377512E-03   0.2939302E-03   0.3480555E-03   0.4224464E-03   0.6501311E-03
