0.7798300E-03   0.4141358E-03   0.3142047E-03   0.2234586E-03   0.1535991E-03   0.8841062E-04   0.4827885E-04  -0.7438772E-05  -0.7535236E-04  -0.1084239E-03  -0.1379194E-03  -0.1708678E-03  -0.1909484E-03  -0.2425156E-03  -0.2556404E-03  -0.2784192E-03  -0.2806297E-03
0.4141358E-03   0.5966410E-03   0.2901644E-03   0.2135764E-03   0.1344235E-03   0.9174546E-04   0.3053153E-04  -0.1680919E-04  -0.6627017E-04  -0.9017076E-04  -0.1234924E-03  -0.1567116E-03  -0.1753612E-03  -0.1934675E-03  -0.2228116E-03  -0.2310580E-03  -0.2467754E-03
0.3142047E-03   0.2901644E-03   0.4700143E-03   0.2154537E-03   0.1375452E-03   0.9419356E-04   0.5725457E-04   0.7117179E-05  -0.4669869E-04  -0.7472854E-04  -0.1063802E-03  -0.1417846E-03  -0.1549330E-03  -0.1811873E-03  -0.2011849E-03  -0.2131868E-03  -0.2326384E-03
0.2234586E-03   0.2135764E-03   0.2154537E-03   0.4116012E-03   0.1523207E-03   0.1028177E-03   0.6410983E-04   0.2100983E-04  -0.3226175E-04  -0.6825178E-04  -0.1026102E-03  -0.1180346E-03  -0.1455087E-03  -0.1622709E-03  -0.1763921E-03  -0.1909841E-03  -0.2002081E-03
0.1535991E-03   0.1344235E-03   0.1375452E-03   0.1523207E-03   0.3622477E-03   0.1075853E-03   0.5352206E-04   0.2942692E-04   0.2410293E-05  -0.3645814E-04  -0.6956358E-04  -0.9875150E-04  -0.1174935E-03  -0.1369183E-03  -0.1664979E-03  -0.1639572E-03  -0.1714713E-03
0.8841062E-04   0.9174546E-04   0.9419356E-04   0.1028177E-03   0.1075853E-03   0.3040424E-03   0.7333461E-04   0.4423140E-04  -0.1344376E-05  -0.2556477E-04  -0.5280635E-04  -0.7353352E-04  -0.8758552E-04  -0.1213101E-03  -0.1331964E-03  -0.1319358E-03  -0.1387513E-03
0.4827885E-04   0.3053153E-04   0.5725457E-04   0.6410983E-04   0.5352206E-04   0.7333461E-04   0.2980058E-03   0.4848747E-04   0.1615576E-04  -0.1172964E-04  -0.3372317E-04  -0.4765341E-04  -0.7317664E-04  -0.8212663E-04  -0.9949313E-04  -0.1039223E-03  -0.1227634E-03
-0.7438772E-05  -0.1680919E-04   0.7117179E-05   0.2100983E-04   0.2942692E-04   0.4423140E-04   0.4848747E-04   0.2431252E-03   0.3319320E-04   0.7806646E-05  -0.8022520E-05  -0.1731555E-04  -0.4182758E-04  -0.5118000E-04  -0.6728922E-04  -0.6575630E-04  -0.7575760E-04
-0.7535236E-04  -0.6627017E-04  -0.4669869E-04  -0.3226175E-04   0.2410293E-05  -0.1344376E-05   0.1615576E-04   0.3319320E-04   0.2585025E-03   0.3229925E-04   0.8492295E-05   0.1390861E-04  -0.8522503E-05  -0.1208875E-04  -0.1968709E-04  -0.2146531E-04  -0.4443867E-04
-0.1084239E-03  -0.9017076E-04  -0.7472854E-04  -0.6825178E-04  -0.3645814E-04  -0.2556477E-04  -0.1172964E-04   0.7806646E-05   0.3229925E-04   0.2294006E-03   0.4296892E-04   0.3455393E-04   0.1710266E-04   0.1661439E-04   0.1057135E-04   0.1270744E-04   0.1291722E-04
-0.1379194E-03  -0.1234924E-03  -0.1063802E-03  -0.1026102E-03  -0.6956358E-04  -0.5280635E-04  -0.3372317E-04  -0.8022520E-05   0.8492295E-05   0.4296892E-04   0.2751054E-03   0.6826894E-04   0.3208912E-04   0.5054768E-04   0.4181195E-04   0.3185564E-04   0.3893955E-04
-0.1708678E-03  -0.1567116E-03  -0.1417846E-03  -0.1180346E-03  -0.9875150E-04  -0.7353352E-04  -0.4765341E-04  -0.1731555E-04   0.1390861E-04   0.3455393E-04   0.6826894E-04   0.2587606E-03   0.7178329E-04   0.7500511E-04   0.7601455E-04   0.7276407E-04   0.7446282E-04
-0.1909484E-03  -0.1753612E-03  -0.1549330E-03  -0.1455087E-03  -0.1174935E-03  -0.8758552E-04  -0.7317664E-04  -0.4182758E-04  -0.8522503E-05   0.1710266E-04   0.3208912E-04   0.7178329E-04   0.3080457E-03   0.1110419E-03   0.1012181E-03   0.1186385E-03   0.1234002E-03
-0.2425156E-03  -0.1934675E-03  -0.1811873E-03  -0.1622709E-03  -0.1369183E-03  -0.1213101E-03  -0.8212663E-04  -0.5118000E-04  -0.1208875E-04   0.1661439E-04   0.5054768E-04   0.7500511E-04   0.1110419E-03   0.3252747E-03   0.1488042E-03   0.1497909E-03   0.1466605E-03
-0.2556404E-03  -0.2228116E-03  -0.2011849E-03  -0.1763921E-03  -0.1664979E-03  -0.1331964E-03  -0.9949313E-04  -0.6728922E-04  -0.1968709E-04   0.1057135E-04   0.4181195E-04   0.7601455E-04   0.1012181E-03   0.1488042E-03   0.3995804E-03   0.1896445E-03   0.1827050E-03
-0.2784192E-03  -0.2310580E-03  -0.2131868E-03  -0.1909841E-03  -0.1639572E-03  -0.1319358E-03  -0.1039223E-03  -0.6575630E-04  -0.2146531E-04   0.1270744E-04   0.3185564E-04   0.7276407E-04   0.1186385E-03   0.1497909E-03   0.1896445E-03   0.3913498E-03   0.2177022E-03
-0.2806297E-03  -0.2467754E-03  -0.2326384E-03  -0.2002081E-03  -0.1714713E-03  -0.1387513E-03  -0.1227634E-03  -0.7575760E-04  -0.4443867E-04   0.1291722E-04   0.3893955E-04   0.7446282E-04   0.1234002E-03   0.1466605E-03   0.1827050E-03   0.2177022E-03   0.4655672E-03
