0.6339481E-03   0.3813800E-03   0.2978928E-03   0.2136217E-03   0.1603955E-03   0.9166585E-04   0.3963321E-04  -0.4361791E-05  -0.4995732E-04  -0.9644972E-04  -0.1223903E-03  -0.1586748E-03  -0.1922731E-03  -0.2098031E-03  -0.2313746E-03  -0.2564702E-03  -0.2464536E-03
0.3813800E-03   0.4695036E-03   0.2672962E-03   0.2001631E-03   0.1527225E-03   0.9218389E-04   0.4249122E-04  -0.1992488E-05  -0.3899743E-04  -0.8278508E-04  -0.1126134E-03  -0.1357396E-03  -0.1739548E-03  -0.1868810E-03  -0.2024393E-03  -0.2234836E-03  -0.2243183E-03
0.2978928E-03   0.2672962E-03   0.3614533E-03   0.1967011E-03   0.1471985E-03   0.9449603E-04   0.5340330E-04   0.1295627E-04  -0.3325316E-04  -0.6084173E-04  -0.9058332E-04  -0.1210899E-03  -0.1501426E-03  -0.1660831E-03  -0.1896800E-03  -0.2042423E-03  -0.2074700E-03
0.2136217E-03   0.2001631E-03   0.1967011E-03   0.3042214E-03   0.1408878E-03   0.9613182E-04   0.5718302E-04   0.2785517E-04  -0.1650951E-04  -0.5296234E-04  -0.8364191E-04  -0.1038858E-03  -0.1328740E-03  -0.1457056E-03  -0.1625816E-03  -0.1836336E-03  -0.1729466E-03
0.1603955E-03   0.1527225E-03   0.1471985E-03   0.1408878E-03   0.2537457E-03   0.1011436E-03   0.5929599E-04   0.3199394E-04  -0.9392402E-05  -0.3448647E-04  -0.5935382E-04  -0.8765239E-04  -0.1108202E-03  -0.1266595E-03  -0.1411465E-03  -0.1556719E-03  -0.1539163E-03
0.9166585E-04   0.9218389E-04   0.9449603E-04   0.9613182E-04   0.1011436E-03   0.1913306E-03   0.6447796E-04   0.3376738E-04   0.7946767E-05  -0.1680310E-04  -0.3716396E-04  -0.6471477E-04  -0.7894161E-04  -0.9601859E-04  -0.1088376E-03  -0.1214304E-03  -0.1229189E-03
0.3963321E-04   0.4249122E-04   0.5340330E-04   0.5718302E-04   0.5929599E-04   0.6447796E-04   0.1907470E-03   0.4446519E-04   0.1867419E-04  -0.3544971E-05  -0.1820935E-04  -0.4618256E-04  -0.5847798E-04  -0.6725630E-04  -0.8274984E-04  -0.9584564E-04  -0.9460881E-04
-0.4361791E-05  -0.1992488E-05   0.1295627E-04   0.2785517E-04   0.3199394E-04   0.3376738E-04   0.4446519E-04   0.1486475E-03   0.2420012E-04   0.1420079E-04   0.1626643E-05  -0.2054971E-04  -0.3313198E-04  -0.3845500E-04  -0.4918182E-04  -0.5901140E-04  -0.6502903E-04
-0.4995732E-04  -0.3899743E-04  -0.3325316E-04  -0.1650951E-04  -0.9392402E-05   0.7946767E-05   0.1867419E-04   0.2420012E-04   0.1586845E-03   0.2740558E-04   0.1153028E-04   0.3870844E-05  -0.1078153E-05  -0.5509808E-05  -0.1704601E-04  -0.2428436E-04  -0.2634067E-04
-0.9644972E-04  -0.8278508E-04  -0.6084173E-04  -0.5296234E-04  -0.3448647E-04  -0.1680310E-04  -0.3544971E-05   0.1420079E-04   0.2740558E-04   0.1506089E-03   0.4070567E-04   0.3112806E-04   0.2308602E-04   0.2080243E-04   0.1694156E-04   0.1468935E-04   0.3993361E-05
-0.1223903E-03  -0.1126134E-03  -0.9058332E-04  -0.8364191E-04  -0.5935382E-04  -0.3716396E-04  -0.1820935E-04   0.1626643E-05   0.1153028E-04   0.4070567E-04   0.1733849E-03   0.5313942E-04   0.4203256E-04   0.4498594E-04   0.4376948E-04   0.4422592E-04   0.3174673E-04
-0.1586748E-03  -0.1357396E-03  -0.1210899E-03  -0.1038858E-03  -0.8765239E-04  -0.6471477E-04  -0.4618256E-04  -0.2054971E-04   0.3870844E-05   0.3112806E-04   0.5313942E-04   0.1764745E-03   0.7837395E-04   0.7297148E-04   0.7812904E-04   0.8342235E-04   0.8238660E-04
-0.1922731E-03  -0.1739548E-03  -0.1501426E-03  -0.1328740E-03  -0.1108202E-03  -0.7894161E-04  -0.5847798E-04  -0.3313198E-04  -0.1078153E-05   0.2308602E-04   0.4203256E-04   0.7837395E-04   0.2224138E-03   0.1080652E-03   0.1040235E-03   0.1222020E-03   0.1113035E-03
-0.2098031E-03  -0.1868810E-03  -0.1660831E-03  -0.1457056E-03  -0.1266595E-03  -0.9601859E-04  -0.6725630E-04  -0.3845500E-04  -0.5509808E-05   0.2080243E-04   0.4498594E-04   0.7297148E-04   0.1080652E-03   0.2344015E-03   0.1289078E-03   0.1436780E-03   0.1416985E-03
-0.2313746E-03  -0.2024393E-03  -0.1896800E-03  -0.1625816E-03  -0.1411465E-03  -0.1088376E-03  -0.8274984E-04  -0.4918182E-04  -0.1704601E-04   0.1694156E-04   0.4376948E-04   0.7812904E-04   0.1040235E-03   0.1289078E-03   0.2823138E-03   0.1817631E-03   0.1701412E-03
-0.2564702E-03  -0.2234836E-03  -0.2042423E-03  -0.1836336E-03  -0.1556719E-03  -0.1214304E-03  -0.9584564E-04  -0.5901140E-04  -0.2428436E-04   0.1468935E-04   0.4422592E-04   0.8342235E-04   0.1222020E-03   0.1436780E-03   0.1817631E-03   0.3126214E-03   0.2063864E-03
-0.2464536E-03  -0.2243183E-03  -0.2074700E-03  -0.1729466E-03  -0.1539163E-03  -0.1229189E-03  -0.9460881E-04  -0.6502903E-04  -0.2634067E-04   0.3993361E-05   0.3174673E-04   0.8238660E-04   0.1113035E-03   0.1416985E-03   0.1701412E-03   0.2063864E-03   0.3402611E-03
