0.6494245E-03   0.3140716E-03   0.2321982E-03   0.1767626E-03   0.1202315E-03   0.7983402E-04   0.3395922E-04   0.1118530E-05  -0.2099251E-04  -0.6679370E-04  -0.7795638E-04  -0.1158900E-03  -0.1461839E-03  -0.1683070E-03  -0.1803170E-03  -0.1821964E-03  -0.2094493E-03  -0.2232400E-03
0.3140716E-03   0.4645887E-03   0.2166578E-03   0.1539168E-03   0.1156815E-03   0.7476150E-04   0.4415638E-04   0.2004362E-04  -0.1176876E-04  -0.4377645E-04  -0.8051497E-04  -0.1042706E-03  -0.1230319E-03  -0.1408747E-03  -0.1652048E-03  -0.1712488E-03  -0.1913941E-03  -0.1914354E-03
0.2321982E-03   0.2166578E-03   0.4123921E-03   0.1618727E-03   0.1191106E-03   0.8097620E-04   0.4180129E-04   0.1285645E-04  -0.2365176E-04  -0.3943155E-04  -0.6286169E-04  -0.9244443E-04  -0.1152837E-03  -0.1339403E-03  -0.1396297E-03  -0.1646387E-03  -0.1645607E-03  -0.1812974E-03
0.1767626E-03   0.1539168E-03   0.1618727E-03   0.3336262E-03   0.1136439E-03   0.9159917E-04   0.5058834E-04   0.2988362E-04  -0.7963881E-05  -0.3697632E-04  -0.4593125E-04  -0.7199256E-04  -0.1012788E-03  -0.1148918E-03  -0.1352191E-03  -0.1423657E-03  -0.1492173E-03  -0.1535133E-03
0.1202315E-03   0.1156815E-03   0.1191106E-03   0.1136439E-03   0.2924160E-03   0.7752522E-04   0.4543926E-04   0.2672006E-04  -0.6367243E-05  -0.3299356E-04  -0.4002899E-04  -0.6117314E-04  -0.8334268E-04  -0.9449483E-04  -0.1063757E-03  -0.1145045E-03  -0.1219156E-03  -0.1247929E-03
0.7983402E-04   0.7476150E-04   0.8097620E-04   0.9159917E-04   0.7752522E-04   0.2660190E-03   0.4854415E-04   0.2789030E-04   0.1732048E-04  -0.9820180E-05  -0.3177330E-04  -0.4669726E-04  -0.6919169E-04  -0.7623475E-04  -0.9424150E-04  -0.1032629E-03  -0.1018693E-03  -0.1175194E-03
0.3395922E-04   0.4415638E-04   0.4180129E-04   0.5058834E-04   0.4543926E-04   0.4854415E-04   0.2401773E-03   0.4322221E-04   0.1342113E-04  -0.7404739E-05  -0.1978300E-04  -0.2439188E-04  -0.4551362E-04  -0.5063897E-04  -0.7796402E-04  -0.7432925E-04  -0.8774982E-04  -0.8569824E-04
0.1118530E-05   0.2004362E-04   0.1285645E-04   0.2988362E-04   0.2672006E-04   0.2789030E-04   0.4322221E-04   0.2475797E-03   0.1565992E-04  -0.1503058E-05  -0.4150599E-05  -0.1943688E-04  -0.3511619E-04  -0.4270330E-04  -0.5644937E-04  -0.5916020E-04  -0.6832126E-04  -0.6522206E-04
-0.2099251E-04  -0.1176876E-04  -0.2365176E-04  -0.7963881E-05  -0.6367243E-05   0.1732048E-04   0.1342113E-04   0.1565992E-04   0.2241731E-03   0.2626884E-04   0.2758375E-05  -0.6439425E-05  -0.1153938E-04  -0.2603874E-04  -0.2562202E-04  -0.4182123E-04  -0.3561368E-04  -0.4089748E-04
-0.6679370E-04  -0.4377645E-04  -0.3943155E-04  -0.3697632E-04  -0.3299356E-04  -0.9820180E-05  -0.7404739E-05  -0.1503058E-05   0.2626884E-04   0.2092160E-03   0.1884872E-04   0.1239579E-04   0.9350374E-05  -0.1011393E-05  -0.4134581E-05  -0.2112155E-05  -0.7409944E-05  -0.1060966E-04
-0.7795638E-04  -0.8051497E-04  -0.6286169E-04  -0.4593125E-04  -0.4002899E-04  -0.3177330E-04  -0.1978300E-04  -0.4150599E-05   0.2758375E-05   0.1884872E-04   0.2428199E-03   0.2643251E-04   0.1926259E-04   0.1039948E-04   0.1450284E-04   0.1516373E-04   0.5979569E-05   0.6151544E-05
-0.1158900E-03  -0.1042706E-03  -0.9244443E-04  -0.7199256E-04  -0.6117314E-04  -0.4669726E-04  -0.2439188E-04  -0.1943688E-04  -0.6439425E-05   0.1239579E-04   0.2643251E-04   0.2100787E-03   0.4324945E-04   0.4215639E-04   0.4028348E-04   0.3699640E-04   0.4327334E-04   0.5151988E-04
-0.1461839E-03  -0.1230319E-03  -0.1152837E-03  -0.1012788E-03  -0.8334268E-04  -0.6919169E-04  -0.4551362E-04  -0.3511619E-04  -0.1153938E-04   0.9350374E-05   0.1926259E-04   0.4324945E-04   0.2584095E-03   0.6023180E-04   0.6777657E-04   0.6914328E-04   0.6370187E-04   0.6404893E-04
-0.1683070E-03  -0.1408747E-03  -0.1339403E-03  -0.1148918E-03  -0.9449483E-04  -0.7623475E-04  -0.5063897E-04  -0.4270330E-04  -0.2603874E-04  -0.1011393E-05   0.1039948E-04   0.4215639E-04   0.6023180E-04   0.2742858E-03   0.9274471E-04   0.7955646E-04   0.9496907E-04   0.9442905E-04
-0.1803170E-03  -0.1652048E-03  -0.1396297E-03  -0.1352191E-03  -0.1063757E-03  -0.9424150E-04  -0.7796402E-04  -0.5644937E-04  -0.2562202E-04  -0.4134581E-05   0.1450284E-04   0.4028348E-04   0.6777657E-04   0.9274471E-04   0.3043569E-03   0.1115613E-03   0.1162204E-03   0.1198639E-03
-0.1821964E-03  -0.1712488E-03  -0.1646387E-03  -0.1423657E-03  -0.1145045E-03  -0.1032629E-03  -0.7432925E-04  -0.5916020E-04  -0.4182123E-04  -0.2112155E-05   0.1516373E-04   0.3699640E-04   0.6914328E-04   0.7955646E-04   0.1115613E-03   0.3221262E-03   0.1402082E-03   0.1360953E-03
-0.2094493E-03  -0.1913941E-03  -0.1645607E-03  -0.1492173E-03  -0.1219156E-03  -0.1018693E-03  -0.8774982E-04  -0.6832126E-04  -0.3561368E-04  -0.7409944E-05   0.5979569E-05   0.4327334E-04   0.6370187E-04   0.9496907E-04   0.1162204E-03   0.1402082E-03   0.3521987E-03   0.1603238E-03
-0.2232400E-03  -0.1914354E-03  -0.1812974E-03  -0.1535133E-03  -0.1247929E-03  -0.1175194E-03  -0.8569824E-04  -0.6522206E-04  -0.4089748E-04  -0.1060966E-04   0.6151544E-05   0.5151988E-04   0.6404893E-04   0.9442905E-04   0.1198639E-03   0.1360953E-03   0.1603238E-03   0.3808993E-03
