0.1187536E-02   0.6513684E-03   0.4830478E-03   0.3646456E-03   0.2497000E-03   0.1640805E-03   0.1024605E-03   0.1877552E-04  -0.6308625E-04  -0.1305845E-03  -0.1699126E-03  -0.2396925E-03  -0.2803018E-03  -0.3270941E-03  -0.3612096E-03  -0.4033312E-03  -0.4057531E-03  -0.4239330E-03
0.6513684E-03   0.8693217E-03   0.4597408E-03   0.3534583E-03   0.2322001E-03   0.1595863E-03   0.1058263E-03   0.2531610E-04  -0.4901625E-04  -0.1162067E-03  -0.1512958E-03  -0.2090344E-03  -0.2679441E-03  -0.2941744E-03  -0.3046400E-03  -0.3672956E-03  -0.3483074E-03  -0.3776747E-03
0.4830478E-03   0.4597408E-03   0.6839947E-03   0.3310278E-03   0.2321526E-03   0.1633434E-03   0.1048952E-03   0.4743723E-04  -0.3431858E-04  -0.8765751E-04  -0.1204937E-03  -0.1888053E-03  -0.2420797E-03  -0.2538613E-03  -0.2867909E-03  -0.3129231E-03  -0.3246676E-03  -0.3240886E-03
0.3646456E-03   0.3534583E-03   0.3310278E-03   0.5380164E-03   0.2258965E-03   0.1676635E-03   0.1111478E-03   0.4705118E-04  -0.1481353E-04  -0.7501014E-04  -0.9966821E-04  -0.1496161E-03  -0.1953787E-03  -0.2200864E-03  -0.2478895E-03  -0.2677519E-03  -0.2874684E-03  -0.2867653E-03
0.2497000E-03   0.2322001E-03   0.2321526E-03   0.2258965E-03   0.4674876E-03   0.1684108E-03   0.1134091E-03   0.5936763E-04   0.2065688E-04  -0.3688397E-04  -0.7278333E-04  -0.1221796E-03  -0.1538229E-03  -0.1846711E-03  -0.2180710E-03  -0.2267380E-03  -0.2423695E-03  -0.2490733E-03
0.1640805E-03   0.1595863E-03   0.1633434E-03   0.1676635E-03   0.1684108E-03   0.4441747E-03   0.1308656E-03   0.6617170E-04   0.2558066E-04  -0.1465596E-04  -0.5615679E-04  -0.9603136E-04  -0.1302371E-03  -0.1496595E-03  -0.1833783E-03  -0.2064393E-03  -0.2112321E-03  -0.2119073E-03
0.1024605E-03   0.1058263E-03   0.1048952E-03   0.1111478E-03   0.1134091E-03   0.1308656E-03   0.3809435E-03   0.7978632E-04   0.3007009E-04   0.1151710E-04  -0.3901926E-04  -0.6513906E-04  -0.9865356E-04  -0.1240660E-03  -0.1454413E-03  -0.1541471E-03  -0.1798852E-03  -0.1841368E-03
0.1877552E-04   0.2531610E-04   0.4743723E-04   0.4705118E-04   0.5936763E-04   0.6617170E-04   0.7978632E-04   0.3497679E-03   0.6720145E-04   0.2237044E-04  -0.5697598E-05  -0.3556791E-04  -0.5600519E-04  -0.8597890E-04  -0.1074325E-03  -0.1056264E-03  -0.1174744E-03  -0.1273357E-03
-0.6308625E-04  -0.4901625E-04  -0.3431858E-04  -0.1481353E-04   0.2065688E-04   0.2558066E-04   0.3007009E-04   0.6720145E-04   0.3302908E-03   0.5226142E-04   0.2063107E-04   0.5122836E-05  -0.5107195E-05  -0.3470454E-04  -0.4537541E-04  -0.5640197E-04  -0.7791523E-04  -0.8423776E-04
-0.1305845E-03  -0.1162067E-03  -0.8765751E-04  -0.7501014E-04  -0.3688397E-04  -0.1465596E-04   0.1151710E-04   0.2237044E-04   0.5226142E-04   0.3134653E-03   0.4731384E-04   0.3275390E-04   0.2732468E-04   0.7342895E-05   0.1094307E-05   0.9528854E-05  -0.2071474E-04  -0.2277837E-04
-0.1699126E-03  -0.1512958E-03  -0.1204937E-03  -0.9966821E-04  -0.7278333E-04  -0.5615679E-04  -0.3901926E-04  -0.5697598E-05   0.2063107E-04   0.4731384E-04   0.3135336E-03   0.7063994E-04   0.5619158E-04   0.4079763E-04   0.3828011E-04   0.3927641E-04   0.2864501E-04   0.3959806E-04
-0.2396925E-03  -0.2090344E-03  -0.1888053E-03  -0.1496161E-03  -0.1221796E-03  -0.9603136E-04  -0.6513906E-04  -0.3556791E-04   0.5122836E-05   0.3275390E-04   0.7063994E-04   0.3131901E-03   0.1040603E-03   0.1002696E-03   0.9436149E-04   0.1023578E-03   0.9799264E-04   0.8852998E-04
-0.2803018E-03  -0.2679441E-03  -0.2420797E-03  -0.1953787E-03  -0.1538229E-03  -0.1302371E-03  -0.9865356E-04  -0.5600519E-04  -0.5107195E-05   0.2732468E-04   0.5619158E-04   0.1040603E-03   0.3893132E-03   0.1381745E-03   0.1361865E-03   0.1516883E-03   0.1424165E-03   0.1476498E-03
-0.3270941E-03  -0.2941744E-03  -0.2538613E-03  -0.2200864E-03  -0.1846711E-03  -0.1496595E-03  -0.1240660E-03  -0.8597890E-04  -0.3470454E-04   0.7342895E-05   0.4079763E-04   0.1002696E-03   0.1381745E-03   0.4199838E-03   0.1977098E-03   0.1796533E-03   0.1950928E-03   0.1973248E-03
-0.3612096E-03  -0.3046400E-03  -0.2867909E-03  -0.2478895E-03  -0.2180710E-03  -0.1833783E-03  -0.1454413E-03  -0.1074325E-03  -0.4537541E-04   0.1094307E-05   0.3828011E-04   0.9436149E-04   0.1361865E-03   0.1977098E-03   0.4611753E-03   0.2430345E-03   0.2361552E-03   0.2441752E-03
-0.4033312E-03  -0.3672956E-03  -0.3129231E-03  -0.2677519E-03  -0.2267380E-03  -0.2064393E-03  -0.1541471E-03  -0.1056264E-03  -0.5640197E-04   0.9528854E-05   0.3927641E-04   0.1023578E-03   0.1516883E-03   0.1796533E-03   0.2430345E-03   0.5351930E-03   0.2776957E-03   0.2712513E-03
-0.4057531E-03  -0.3483074E-03  -0.3246676E-03  -0.2874684E-03  -0.2423695E-03  -0.2112321E-03  -0.1798852E-03  -0.1174744E-03  -0.7791523E-04  -0.2071474E-04   0.2864501E-04   0.9799264E-04   0.1424165E-03   0.1950928E-03   0.2361552E-03   0.2776957E-03   0.5783059E-03   0.3267499E-03
-0.4239330E-03  -0.3776747E-03  -0.3240886E-03  -0.2867653E-03  -0.2490733E-03  -0.2119073E-03  -0.1841368E-03  -0.1273357E-03  -0.8423776E-04  -0.2277837E-04   0.3959806E-04   0.8852998E-04   0.1476498E-03   0.1973248E-03   0.2441752E-03   0.2712513E-03   0.3267499E-03   0.6055271E-03
