0.6693320E-03   0.3950919E-03   0.3219113E-03   0.2258609E-03   0.1684328E-03   0.1024133E-03   0.5314780E-04   0.1164832E-04  -0.3280722E-04  -0.8057510E-04  -0.9943166E-04  -0.1468459E-03  -0.1691210E-03  -0.2007528E-03  -0.2230896E-03  -0.2352152E-03  -0.2614509E-03  -0.2470146E-03
0.3950919E-03   0.4869811E-03   0.2951598E-03   0.2114409E-03   0.1600936E-03   0.1042025E-03   0.5895050E-04   0.1396355E-04  -0.1961775E-04  -0.6137614E-04  -0.9180753E-04  -0.1283584E-03  -0.1528829E-03  -0.1786848E-03  -0.1988358E-03  -0.2044725E-03  -0.2335842E-03  -0.2290915E-03
0.3219113E-03   0.2951598E-03   0.4061696E-03   0.2135974E-03   0.1544154E-03   0.1091524E-03   0.6722539E-04   0.2511652E-04  -0.1456224E-04  -0.5802797E-04  -0.6890899E-04  -0.1098527E-03  -0.1407148E-03  -0.1598708E-03  -0.1875949E-03  -0.1982284E-03  -0.2204935E-03  -0.2175446E-03
0.2258609E-03   0.2114409E-03   0.2135974E-03   0.3005484E-03   0.1484458E-03   0.1067155E-03   0.7193261E-04   0.3563078E-04   0.8330986E-07  -0.3563579E-04  -0.6282454E-04  -0.9302157E-04  -0.1182900E-03  -0.1372719E-03  -0.1566613E-03  -0.1652750E-03  -0.1846576E-03  -0.1763176E-03
0.1684328E-03   0.1600936E-03   0.1544154E-03   0.1484458E-03   0.2589786E-03   0.1056276E-03   0.7078051E-04   0.4345307E-04   0.8758184E-05  -0.2687942E-04  -0.4379662E-04  -0.7255074E-04  -0.1008422E-03  -0.1171373E-03  -0.1341330E-03  -0.1385479E-03  -0.1652588E-03  -0.1530394E-03
0.1024133E-03   0.1042025E-03   0.1091524E-03   0.1067155E-03   0.1056276E-03   0.2222582E-03   0.6804649E-04   0.4384264E-04   0.1841513E-04  -0.8859666E-05  -0.2822915E-04  -0.5092662E-04  -0.7683650E-04  -0.9319437E-04  -0.1116704E-03  -0.1161459E-03  -0.1298113E-03  -0.1298887E-03
0.5314780E-04   0.5895050E-04   0.6722539E-04   0.7193261E-04   0.7078051E-04   0.6804649E-04   0.1985687E-03   0.4971109E-04   0.2261805E-04   0.4421919E-05  -0.1232384E-04  -0.3980375E-04  -0.5443332E-04  -0.6462806E-04  -0.8077471E-04  -0.9358752E-04  -0.1055414E-03  -0.1051112E-03
0.1164832E-04   0.1396355E-04   0.2511652E-04   0.3563078E-04   0.4345307E-04   0.4384264E-04   0.4971109E-04   0.1928501E-03   0.3396436E-04   0.1096959E-04   0.7159252E-05  -0.2086930E-04  -0.3775410E-04  -0.4650868E-04  -0.5660904E-04  -0.6598800E-04  -0.7776382E-04  -0.7783666E-04
-0.3280722E-04  -0.1961775E-04  -0.1456224E-04   0.8330986E-07   0.8758184E-05   0.1841513E-04   0.2261805E-04   0.3396436E-04   0.1560799E-03   0.2885016E-04   0.1464226E-04   0.3550265E-05  -0.1154660E-04  -0.1879070E-04  -0.2641909E-04  -0.3081252E-04  -0.4164547E-04  -0.4270549E-04
-0.8057510E-04  -0.6137614E-04  -0.5802797E-04  -0.3563579E-04  -0.2687942E-04  -0.8859666E-05   0.4421919E-05   0.1096959E-04   0.2885016E-04   0.1583561E-03   0.2966977E-04   0.2283620E-04   0.1785662E-04   0.1091725E-04   0.1096764E-04  -0.1887602E-05  -0.2223642E-05  -0.9492958E-05
-0.9943166E-04  -0.9180753E-04  -0.6890899E-04  -0.6282454E-04  -0.4379662E-04  -0.2822915E-04  -0.1232384E-04   0.7159252E-05   0.1464226E-04   0.2966977E-04   0.1699647E-03   0.4119032E-04   0.3303879E-04   0.2292647E-04   0.2610786E-04   0.2321849E-04   0.2037995E-04   0.7223991E-05
-0.1468459E-03  -0.1283584E-03  -0.1098527E-03  -0.9302157E-04  -0.7255074E-04  -0.5092662E-04  -0.3980375E-04  -0.2086930E-04   0.3550265E-05   0.2283620E-04   0.4119032E-04   0.1728870E-03   0.5986832E-04   0.6091088E-04   0.5839853E-04   0.6025993E-04   0.6260824E-04   0.6064305E-04
-0.1691210E-03  -0.1528829E-03  -0.1407148E-03  -0.1182900E-03  -0.1008422E-03  -0.7683650E-04  -0.5443332E-04  -0.3775410E-04  -0.1154660E-04   0.1785662E-04   0.3303879E-04   0.5986832E-04   0.2077186E-03   0.8495756E-04   0.9037967E-04   0.8754096E-04   0.9995781E-04   0.9039298E-04
-0.2007528E-03  -0.1786848E-03  -0.1598708E-03  -0.1372719E-03  -0.1171373E-03  -0.9319437E-04  -0.6462806E-04  -0.4650868E-04  -0.1879070E-04   0.1091725E-04   0.2292647E-04   0.6091088E-04   0.8495756E-04   0.2311613E-03   0.1160661E-03   0.1100515E-03   0.1285952E-03   0.1200496E-03
-0.2230896E-03  -0.1988358E-03  -0.1875949E-03  -0.1566613E-03  -0.1341330E-03  -0.1116704E-03  -0.8077471E-04  -0.5660904E-04  -0.2641909E-04   0.1096764E-04   0.2610786E-04   0.5839853E-04   0.9037967E-04   0.1160661E-03   0.2637804E-03   0.1412192E-03   0.1561018E-03   0.1547581E-03
-0.2352152E-03  -0.2044725E-03  -0.1982284E-03  -0.1652750E-03  -0.1385479E-03  -0.1161459E-03  -0.9358752E-04  -0.6598800E-04  -0.3081252E-04  -0.1887602E-05   0.2321849E-04   0.6025993E-04   0.8754096E-04   0.1100515E-03   0.1412192E-03   0.2865445E-03   0.1864229E-03   0.1727533E-03
-0.2614509E-03  -0.2335842E-03  -0.2204935E-03  -0.1846576E-03  -0.1652588E-03  -0.1298113E-03  -0.1055414E-03  -0.7776382E-04  -0.4164547E-04  -0.2223642E-05   0.2037995E-04   0.6260824E-04   0.9995781E-04   0.1285952E-03   0.1561018E-03   0.1864229E-03   0.3364459E-03   0.2123054E-03
-0.2470146E-03  -0.2290915E-03  -0.2175446E-03  -0.1763176E-03  -0.1530394E-03  -0.1298887E-03  -0.1051112E-03  -0.7783666E-04  -0.4270549E-04  -0.9492958E-05   0.7223991E-05   0.6064305E-04   0.9039298E-04   0.1200496E-03   0.1547581E-03   0.1727533E-03   0.2123054E-03   0.3420848E-03
