0.1309490E-02   0.8000804E-03   0.6309048E-03   0.4792516E-03   0.3276076E-03   0.2377816E-03   0.9932547E-04   0.2822507E-04  -0.6590891E-04  -0.1347308E-03  -0.2041146E-03  -0.3104452E-03  -0.3498663E-03  -0.4023014E-03  -0.4284759E-03  -0.4898042E-03  -0.5064884E-03  -0.5187781E-03
0.8000804E-03   0.9264300E-03   0.5749037E-03   0.4402291E-03   0.3037297E-03   0.2241557E-03   0.1111120E-03   0.3242670E-04  -0.3959643E-04  -0.1131723E-03  -0.1778211E-03  -0.2590348E-03  -0.3115292E-03  -0.3673689E-03  -0.3742262E-03  -0.4311717E-03  -0.4334198E-03  -0.4673843E-03
0.6309048E-03   0.5749037E-03   0.7666608E-03   0.4295956E-03   0.3181915E-03   0.2445481E-03   0.1363739E-03   0.5042715E-04  -0.2347234E-04  -0.8608919E-04  -0.1366237E-03  -0.2317028E-03  -0.2851992E-03  -0.3378875E-03  -0.3550181E-03  -0.3918817E-03  -0.4297298E-03  -0.4427724E-03
0.4792516E-03   0.4402291E-03   0.4295956E-03   0.5843666E-03   0.2856950E-03   0.2274072E-03   0.1291717E-03   0.6701055E-04   0.4497760E-06  -0.5848188E-04  -0.1174175E-03  -0.1945593E-03  -0.2303435E-03  -0.2773858E-03  -0.3020514E-03  -0.3457983E-03  -0.3672253E-03  -0.3777292E-03
0.3276076E-03   0.3037297E-03   0.3181915E-03   0.2856950E-03   0.4667599E-03   0.2102807E-03   0.1340849E-03   0.7657080E-04   0.6408907E-05  -0.3419337E-04  -0.8246342E-04  -0.1455381E-03  -0.1732341E-03  -0.2257405E-03  -0.2485581E-03  -0.2820301E-03  -0.3052388E-03  -0.3143552E-03
0.2377816E-03   0.2241557E-03   0.2445481E-03   0.2274072E-03   0.2102807E-03   0.4262534E-03   0.1519639E-03   0.8990162E-04   0.3187625E-04  -0.1572841E-04  -0.4723320E-04  -0.1218422E-03  -0.1583332E-03  -0.1979023E-03  -0.2175762E-03  -0.2565677E-03  -0.2672249E-03  -0.2761766E-03
0.9932547E-04   0.1111120E-03   0.1363739E-03   0.1291717E-03   0.1340849E-03   0.1519639E-03   0.3494314E-03   0.9925922E-04   0.4595036E-04   0.1999632E-04  -0.2560636E-04  -0.6339688E-04  -0.9907928E-04  -0.1302854E-03  -0.1560171E-03  -0.1833747E-03  -0.2039410E-03  -0.2026708E-03
0.2822507E-04   0.3242670E-04   0.5042715E-04   0.6701055E-04   0.7657080E-04   0.8990162E-04   0.9925922E-04   0.3032589E-03   0.7474583E-04   0.4154581E-04   0.2893733E-05  -0.2965089E-04  -0.6785572E-04  -0.7645632E-04  -0.1143064E-03  -0.1347712E-03  -0.1463699E-03  -0.1475873E-03
-0.6590891E-04  -0.3959643E-04  -0.2347234E-04   0.4497760E-06   0.6408907E-05   0.3187625E-04   0.4595036E-04   0.7474583E-04   0.2710006E-03   0.5650609E-04   0.2995631E-04   0.6819895E-05  -0.2104171E-04  -0.3971771E-04  -0.4797228E-04  -0.6186551E-04  -0.7555617E-04  -0.7222706E-04
-0.1347308E-03  -0.1131723E-03  -0.8608919E-04  -0.5848188E-04  -0.3419337E-04  -0.1572841E-04   0.1999632E-04   0.4154581E-04   0.5650609E-04   0.2677414E-03   0.5823846E-04   0.3333057E-04   0.2455073E-04   0.2004036E-04  -0.3700132E-05  -0.8071870E-05  -0.2256661E-04  -0.2443699E-04
-0.2041146E-03  -0.1778211E-03  -0.1366237E-03  -0.1174175E-03  -0.8246342E-04  -0.4723320E-04  -0.2560636E-04   0.2893733E-05   0.2995631E-04   0.5823846E-04   0.2823445E-03   0.8228013E-04   0.6472203E-04   0.6243614E-04   0.4824058E-04   0.5629490E-04   0.3662056E-04   0.3762594E-04
-0.3104452E-03  -0.2590348E-03  -0.2317028E-03  -0.1945593E-03  -0.1455381E-03  -0.1218422E-03  -0.6339688E-04  -0.2965089E-04   0.6819895E-05   0.3333057E-04   0.8228013E-04   0.2968779E-03   0.1244421E-03   0.1412114E-03   0.1150777E-03   0.1307894E-03   0.1411805E-03   0.1415520E-03
-0.3498663E-03  -0.3115292E-03  -0.2851992E-03  -0.2303435E-03  -0.1732341E-03  -0.1583332E-03  -0.9907928E-04  -0.6785572E-04  -0.2104171E-04   0.2455073E-04   0.6472203E-04   0.1244421E-03   0.3610695E-03   0.1870695E-03   0.1784672E-03   0.1885745E-03   0.1911823E-03   0.1938271E-03
-0.4023014E-03  -0.3673689E-03  -0.3378875E-03  -0.2773858E-03  -0.2257405E-03  -0.1979023E-03  -0.1302854E-03  -0.7645632E-04  -0.3971771E-04   0.2004036E-04   0.6243614E-04   0.1412114E-03   0.1870695E-03   0.4231248E-03   0.2309511E-03   0.2390828E-03   0.2451207E-03   0.2583618E-03
-0.4284759E-03  -0.3742262E-03  -0.3550181E-03  -0.3020514E-03  -0.2485581E-03  -0.2175762E-03  -0.1560171E-03  -0.1143064E-03  -0.4797228E-04  -0.3700132E-05   0.4824058E-04   0.1150777E-03   0.1784672E-03   0.2309511E-03   0.4518510E-03   0.3039194E-03   0.3028503E-03   0.3092503E-03
-0.4898042E-03  -0.4311717E-03  -0.3918817E-03  -0.3457983E-03  -0.2820301E-03  -0.2565677E-03  -0.1833747E-03  -0.1347712E-03  -0.6186551E-04  -0.8071870E-05   0.5629490E-04   0.1307894E-03   0.1885745E-03   0.2390828E-03   0.3039194E-03   0.5561818E-03   0.3752436E-03   0.3658838E-03
-0.5064884E-03  -0.4334198E-03  -0.4297298E-03  -0.3672253E-03  -0.3052388E-03  -0.2672249E-03  -0.2039410E-03  -0.1463699E-03  -0.7555617E-04  -0.2256661E-04   0.3662056E-04   0.1411805E-03   0.1911823E-03   0.2451207E-03   0.3028503E-03   0.3752436E-03   0.6187455E-03   0.4288301E-03
-0.5187781E-03  -0.4673843E-03  -0.4427724E-03  -0.3777292E-03  -0.3143552E-03  -0.2761766E-03  -0.2026708E-03  -0.1475873E-03  -0.7222706E-04  -0.2443699E-04   0.3762594E-04   0.1415520E-03   0.1938271E-03   0.2583618E-03   0.3092503E-03   0.3658838E-03   0.4288301E-03   0.6534928E-03
