0.8238092E-03   0.4334311E-03   0.3313019E-03   0.2426419E-03   0.1509384E-03   0.9783494E-04   0.5344888E-04   0.5561567E-05  -0.4957160E-04  -0.9574795E-04  -0.1159493E-03  -0.1573020E-03  -0.1769266E-03  -0.2107372E-03  -0.2462072E-03  -0.2584648E-03  -0.2770398E-03  -0.2770985E-03
0.4334311E-03   0.6189772E-03   0.3180749E-03   0.2356352E-03   0.1467305E-03   0.1126634E-03   0.6089340E-04   0.6090775E-05  -0.3480690E-04  -0.9387988E-04  -0.9218884E-04  -0.1481178E-03  -0.1654475E-03  -0.1944381E-03  -0.2137051E-03  -0.2316559E-03  -0.2451119E-03  -0.2588445E-03
0.3313019E-03   0.3180749E-03   0.5247102E-03   0.2370505E-03   0.1434177E-03   0.1079937E-03   0.7022018E-04   0.1968554E-04  -0.2512415E-04  -0.7460636E-04  -0.8128162E-04  -0.1269115E-03  -0.1614188E-03  -0.1632133E-03  -0.2004869E-03  -0.2109454E-03  -0.2254995E-03  -0.2415409E-03
0.2426419E-03   0.2356352E-03   0.2370505E-03   0.4121210E-03   0.1496221E-03   0.1127578E-03   0.7946579E-04   0.3415991E-04  -0.1466720E-04  -0.6277632E-04  -0.7601417E-04  -0.1145691E-03  -0.1310408E-03  -0.1579327E-03  -0.1679104E-03  -0.1745258E-03  -0.1935780E-03  -0.2027702E-03
0.1509384E-03   0.1467305E-03   0.1434177E-03   0.1496221E-03   0.3648065E-03   0.1156268E-03   0.7674767E-04   0.3505150E-04   0.1373050E-04  -0.1369096E-04  -0.5156032E-04  -0.7799213E-04  -0.1089002E-03  -0.1227368E-03  -0.1488144E-03  -0.1662401E-03  -0.1649056E-03  -0.1685805E-03
0.9783494E-04   0.1126634E-03   0.1079937E-03   0.1127578E-03   0.1156268E-03   0.3429117E-03   0.8755891E-04   0.5339136E-04   0.1982823E-04  -0.1666788E-04  -0.4336183E-04  -0.7219496E-04  -0.9143235E-04  -0.1038983E-03  -0.1422100E-03  -0.1400772E-03  -0.1413007E-03  -0.1478346E-03
0.5344888E-04   0.6089340E-04   0.7022018E-04   0.7946579E-04   0.7674767E-04   0.8755891E-04   0.3040575E-03   0.5534908E-04   0.1940611E-04  -0.7508711E-06  -0.2796996E-04  -0.4615494E-04  -0.6662475E-04  -0.8211477E-04  -0.1016566E-03  -0.1077941E-03  -0.1200416E-03  -0.1305517E-03
0.5561567E-05   0.6090775E-05   0.1968554E-04   0.3415991E-04   0.3505150E-04   0.5339136E-04   0.5534908E-04   0.2988227E-03   0.4143976E-04   0.4515597E-05  -0.1379947E-05  -0.2741479E-04  -0.4041679E-04  -0.5941966E-04  -0.7155524E-04  -0.8190048E-04  -0.7917909E-04  -0.9403796E-04
-0.4957160E-04  -0.3480690E-04  -0.2512415E-04  -0.1466720E-04   0.1373050E-04   0.1982823E-04   0.1940611E-04   0.4143976E-04   0.2623908E-03   0.2959206E-04   0.1581541E-04   0.9811852E-05  -0.6296072E-05  -0.2178437E-04  -0.3740876E-04  -0.4383842E-04  -0.5136725E-04  -0.6429989E-04
-0.9574795E-04  -0.9387988E-04  -0.7460636E-04  -0.6277632E-04  -0.1369096E-04  -0.1666788E-04  -0.7508711E-06   0.4515597E-05   0.2959206E-04   0.2571488E-03   0.2949678E-04   0.1944603E-04   0.1725797E-04   0.7232543E-05  -0.1439149E-05   0.5575872E-05   0.5932652E-05  -0.7350511E-05
-0.1159493E-03  -0.9218884E-04  -0.8128162E-04  -0.7601417E-04  -0.5156032E-04  -0.4336183E-04  -0.2796996E-04  -0.1379947E-05   0.1581541E-04   0.2949678E-04   0.2632333E-03   0.5271352E-04   0.3373324E-04   0.1794286E-04   0.2559808E-04   0.9906959E-05   0.8131148E-05   0.1963165E-04
-0.1573020E-03  -0.1481178E-03  -0.1269115E-03  -0.1145691E-03  -0.7799213E-04  -0.7219496E-04  -0.4615494E-04  -0.2741479E-04   0.9811852E-05   0.1944603E-04   0.5271352E-04   0.2712572E-03   0.6583286E-04   0.5415050E-04   0.6607376E-04   0.5892761E-04   0.5487456E-04   0.5311475E-04
-0.1769266E-03  -0.1654475E-03  -0.1614188E-03  -0.1310408E-03  -0.1089002E-03  -0.9143235E-04  -0.6662475E-04  -0.4041679E-04  -0.6296072E-05   0.1725797E-04   0.3373324E-04   0.6583286E-04   0.2982362E-03   0.8194379E-04   0.9014604E-04   0.9026846E-04   0.8681203E-04   0.9902216E-04
-0.2107372E-03  -0.1944381E-03  -0.1632133E-03  -0.1579327E-03  -0.1227368E-03  -0.1038983E-03  -0.8211477E-04  -0.5941966E-04  -0.2178437E-04   0.7232543E-05   0.1794286E-04   0.5415050E-04   0.8194379E-04   0.3176350E-03   0.1291718E-03   0.1079100E-03   0.1351766E-03   0.1293580E-03
-0.2462072E-03  -0.2137051E-03  -0.2004869E-03  -0.1679104E-03  -0.1488144E-03  -0.1422100E-03  -0.1016566E-03  -0.7155524E-04  -0.3740876E-04  -0.1439149E-05   0.2559808E-04   0.6607376E-04   0.9014604E-04   0.1291718E-03   0.3727582E-03   0.1625127E-03   0.1538278E-03   0.1616781E-03
-0.2584648E-03  -0.2316559E-03  -0.2109454E-03  -0.1745258E-03  -0.1662401E-03  -0.1400772E-03  -0.1077941E-03  -0.8190048E-04  -0.4383842E-04   0.5575872E-05   0.9906959E-05   0.5892761E-04   0.9026846E-04   0.1079100E-03   0.1625127E-03   0.4042607E-03   0.1928465E-03   0.1861280E-03
-0.2770398E-03  -0.2451119E-03  -0.2254995E-03  -0.1935780E-03  -0.1649056E-03  -0.1413007E-03  -0.1200416E-03  -0.7917909E-04  -0.5136725E-04   0.5932652E-05   0.8131148E-05   0.5487456E-04   0.8681203E-04   0.1351766E-03   0.1538278E-03   0.1928465E-03   0.4214566E-03   0.2222720E-03
-0.2770985E-03  -0.2588445E-03  -0.2415409E-03  -0.2027702E-03  -0.1685805E-03  -0.1478346E-03  -0.1305517E-03  -0.9403796E-04  -0.6429989E-04  -0.7350511E-05   0.1963165E-04   0.5311475E-04   0.9902216E-04   0.1293580E-03   0.1616781E-03   0.1861280E-03   0.2222720E-03   0.4680381E-03
