0.1191745E-02   0.6547301E-03   0.4859222E-03   0.3791123E-03   0.2891775E-03   0.1990255E-03   0.1193186E-03   0.4686434E-04  -0.2276938E-04  -0.1035019E-03  -0.1512194E-03  -0.1988934E-03  -0.2466915E-03  -0.2962613E-03  -0.3405223E-03  -0.3672636E-03  -0.3925152E-03  -0.4049422E-03  -0.4233707E-03
0.6547301E-03   0.8719796E-03   0.4618879E-03   0.3621072E-03   0.2820342E-03   0.1773139E-03   0.1354200E-03   0.4543864E-04  -0.1609957E-04  -0.8719270E-04  -0.1385995E-03  -0.1717356E-03  -0.2283253E-03  -0.2745610E-03  -0.3012220E-03  -0.3125246E-03  -0.3596837E-03  -0.3521346E-03  -0.3777666E-03
0.4859222E-03   0.4618879E-03   0.6856613E-03   0.3331732E-03   0.2741262E-03   0.1872191E-03   0.1303568E-03   0.6166287E-04   0.6760231E-05  -0.7527116E-04  -0.1012468E-03  -0.1488624E-03  -0.2088286E-03  -0.2466562E-03  -0.2654115E-03  -0.2905588E-03  -0.3102574E-03  -0.3233131E-03  -0.3217238E-03
0.3791123E-03   0.3621072E-03   0.3331732E-03   0.6340771E-03   0.2589914E-03   0.1732549E-03   0.1271533E-03   0.6048264E-04   0.1895932E-04  -0.6474256E-04  -0.9257631E-04  -0.1349373E-03  -0.1647185E-03  -0.2208831E-03  -0.2395832E-03  -0.2592068E-03  -0.2855754E-03  -0.2995590E-03  -0.2820329E-03
0.2891775E-03   0.2820342E-03   0.2741262E-03   0.2589914E-03   0.5221425E-03   0.1820957E-03   0.1414714E-03   0.5881231E-04   0.3740147E-04  -0.3627567E-04  -0.6162601E-04  -0.1128946E-03  -0.1472022E-03  -0.1799470E-03  -0.2060498E-03  -0.2381269E-03  -0.2391626E-03  -0.2644373E-03  -0.2725129E-03
0.1990255E-03   0.1773139E-03   0.1872191E-03   0.1732549E-03   0.1820957E-03   0.4499105E-03   0.1515326E-03   0.7574291E-04   0.5086293E-04  -0.3290739E-05  -0.4265034E-04  -0.8005441E-04  -0.1127397E-03  -0.1456134E-03  -0.1623769E-03  -0.1910412E-03  -0.2205130E-03  -0.2169985E-03  -0.2291343E-03
0.1193186E-03   0.1354200E-03   0.1303568E-03   0.1271533E-03   0.1414714E-03   0.1515326E-03   0.4054864E-03   0.9056525E-04   0.4917472E-04   0.6308382E-05  -0.2189117E-04  -0.6032563E-04  -0.8765598E-04  -0.1208118E-03  -0.1432286E-03  -0.1566761E-03  -0.1832891E-03  -0.1914060E-03  -0.1877615E-03
0.4686434E-04   0.4543864E-04   0.6166287E-04   0.6048264E-04   0.5881231E-04   0.7574291E-04   0.9056525E-04   0.3519211E-03   0.7342754E-04   0.3879631E-04   0.9559427E-05  -0.3441489E-04  -0.4783049E-04  -0.7721299E-04  -0.9913129E-04  -0.1183416E-03  -0.1109660E-03  -0.1329909E-03  -0.1452859E-03
-0.2276938E-04  -0.1609957E-04   0.6760231E-05   0.1895932E-04   0.3740147E-04   0.5086293E-04   0.4917472E-04   0.7342754E-04   0.4006761E-03   0.5813133E-04   0.1725402E-04  -0.6977490E-05  -0.2891560E-04  -0.3883281E-04  -0.7956523E-04  -0.7414287E-04  -0.8582639E-04  -0.1068014E-03  -0.1196428E-03
-0.1035019E-03  -0.8719270E-04  -0.7527116E-04  -0.6474256E-04  -0.3627567E-04  -0.3290739E-05   0.6308382E-05   0.3879631E-04   0.5813133E-04   0.3275015E-03   0.4720341E-04   0.2831187E-04   0.2083206E-04   0.9817643E-05  -0.2819106E-05  -0.1218152E-04  -0.2286567E-04  -0.4611398E-04  -0.4397102E-04
-0.1512194E-03  -0.1385995E-03  -0.1012468E-03  -0.9257631E-04  -0.6162601E-04  -0.4265034E-04  -0.2189117E-04   0.9559427E-05   0.1725402E-04   0.4720341E-04   0.3266386E-03   0.5782950E-04   0.4577178E-04   0.3745983E-04   0.1388907E-04   0.2283908E-04   0.1668983E-04   0.1614509E-04   0.9207693E-05
-0.1988934E-03  -0.1717356E-03  -0.1488624E-03  -0.1349373E-03  -0.1128946E-03  -0.8005441E-04  -0.6032563E-04  -0.3441489E-04  -0.6977490E-05   0.2831187E-04   0.5782950E-04   0.3240273E-03   0.8629962E-04   0.7406883E-04   0.6178927E-04   0.7339526E-04   0.6975163E-04   0.5709436E-04   0.6154710E-04
-0.2466915E-03  -0.2283253E-03  -0.2088286E-03  -0.1647185E-03  -0.1472022E-03  -0.1127397E-03  -0.8765598E-04  -0.4783049E-04  -0.2891560E-04   0.2083206E-04   0.4577178E-04   0.8629962E-04   0.3469657E-03   0.1197111E-03   0.1062838E-03   0.1074432E-03   0.1080907E-03   0.1063671E-03   0.1140998E-03
-0.2962613E-03  -0.2745610E-03  -0.2466562E-03  -0.2208831E-03  -0.1799470E-03  -0.1456134E-03  -0.1208118E-03  -0.7721299E-04  -0.3883281E-04   0.9817643E-05   0.3745983E-04   0.7406883E-04   0.1197111E-03   0.3922526E-03   0.1571253E-03   0.1486763E-03   0.1689129E-03   0.1665490E-03   0.1674344E-03
-0.3405223E-03  -0.3012220E-03  -0.2654115E-03  -0.2395832E-03  -0.2060498E-03  -0.1623769E-03  -0.1432286E-03  -0.9913129E-04  -0.7956523E-04  -0.2819106E-05   0.1388907E-04   0.6178927E-04   0.1062838E-03   0.1571253E-03   0.4893082E-03   0.2063827E-03   0.1882351E-03   0.2077131E-03   0.1987095E-03
-0.3672636E-03  -0.3125246E-03  -0.2905588E-03  -0.2592068E-03  -0.2381269E-03  -0.1910412E-03  -0.1566761E-03  -0.1183416E-03  -0.7414287E-04  -0.1218152E-04   0.2283908E-04   0.7339526E-04   0.1074432E-03   0.1486763E-03   0.2063827E-03   0.4643242E-03   0.2530341E-03   0.2405236E-03   0.2498972E-03
-0.3925152E-03  -0.3596837E-03  -0.3102574E-03  -0.2855754E-03  -0.2391626E-03  -0.2205130E-03  -0.1832891E-03  -0.1109660E-03  -0.8582639E-04  -0.2286567E-04   0.1668983E-04   0.6975163E-04   0.1080907E-03   0.1689129E-03   0.1882351E-03   0.2530341E-03   0.5356719E-03   0.2910781E-03   0.2790174E-03
-0.4049422E-03  -0.3521346E-03  -0.3233131E-03  -0.2995590E-03  -0.2644373E-03  -0.2169985E-03  -0.1914060E-03  -0.1329909E-03  -0.1068014E-03  -0.4611398E-04   0.1614509E-04   0.5709436E-04   0.1063671E-03   0.1665490E-03   0.2077131E-03   0.2405236E-03   0.2910781E-03   0.5777022E-03   0.3326880E-03
-0.4233707E-03  -0.3777666E-03  -0.3217238E-03  -0.2820329E-03  -0.2725129E-03  -0.2291343E-03  -0.1877615E-03  -0.1452859E-03  -0.1196428E-03  -0.4397102E-04   0.9207693E-05   0.6154710E-04   0.1140998E-03   0.1674344E-03   0.1987095E-03   0.2498972E-03   0.2790174E-03   0.3326880E-03   0.6145684E-03
