0.6715164E-03   0.3969124E-03   0.3233808E-03   0.2350941E-03   0.1919700E-03   0.1182336E-03   0.7485790E-04   0.2172379E-04  -0.1385901E-04  -0.5157062E-04  -0.9702342E-04  -0.1174370E-03  -0.1476305E-03  -0.1872791E-03  -0.1996679E-03  -0.2245885E-03  -0.2364208E-03  -0.2637154E-03  -0.2447587E-03
0.3969124E-03   0.4884801E-03   0.2963099E-03   0.2203071E-03   0.1785551E-03   0.1186436E-03   0.8096849E-04   0.2640633E-04  -0.7714403E-05  -0.3464405E-04  -0.8386662E-04  -0.1062595E-03  -0.1320826E-03  -0.1697288E-03  -0.1765033E-03  -0.2020591E-03  -0.2045977E-03  -0.2356534E-03  -0.2279365E-03
0.3233808E-03   0.2963099E-03   0.4069686E-03   0.2205429E-03   0.1748283E-03   0.1221274E-03   0.8623878E-04   0.3681584E-04   0.1440448E-05  -0.3973204E-04  -0.6343154E-04  -0.8897462E-04  -0.1138526E-03  -0.1529846E-03  -0.1652328E-03  -0.1894199E-03  -0.1987072E-03  -0.2231565E-03  -0.2155186E-03
0.2350941E-03   0.2203071E-03   0.2205429E-03   0.3548110E-03   0.1649211E-03   0.1185281E-03   0.8812552E-04   0.3733730E-04   0.1765342E-04  -0.2526841E-04  -0.6020670E-04  -0.8341009E-04  -0.1015622E-03  -0.1337632E-03  -0.1456435E-03  -0.1671229E-03  -0.1719843E-03  -0.1941244E-03  -0.1820231E-03
0.1919700E-03   0.1785551E-03   0.1748283E-03   0.1649211E-03   0.2785103E-03   0.1113411E-03   0.8824601E-04   0.4847619E-04   0.2186065E-04  -0.9560423E-05  -0.4085389E-04  -0.6718841E-04  -0.8971416E-04  -0.1154964E-03  -0.1289720E-03  -0.1438977E-03  -0.1513971E-03  -0.1764864E-03  -0.1612494E-03
0.1182336E-03   0.1186436E-03   0.1221274E-03   0.1185281E-03   0.1113411E-03   0.2262889E-03   0.8216493E-04   0.4788880E-04   0.3095568E-04   0.1454116E-06  -0.2341089E-04  -0.4099032E-04  -0.6598714E-04  -0.9298718E-04  -0.1022646E-03  -0.1165751E-03  -0.1201142E-03  -0.1340524E-03  -0.1346071E-03
0.7485790E-04   0.8096849E-04   0.8623878E-04   0.8812552E-04   0.8824601E-04   0.8216493E-04   0.2111795E-03   0.5801492E-04   0.3024144E-04   0.1161338E-04  -0.9510552E-05  -0.3078786E-04  -0.5322708E-04  -0.7022490E-04  -0.8190229E-04  -0.9266127E-04  -0.1108310E-03  -0.1216095E-03  -0.1189552E-03
0.2172379E-04   0.2640633E-04   0.3681584E-04   0.3733730E-04   0.4847619E-04   0.4788880E-04   0.5801492E-04   0.1905653E-03   0.4154445E-04   0.2178546E-04   0.2742921E-06  -0.4592900E-05  -0.3732856E-04  -0.4294040E-04  -0.5221033E-04  -0.6585965E-04  -0.6902501E-04  -0.8078937E-04  -0.8431710E-04
-0.1385901E-04  -0.7714403E-05   0.1440448E-05   0.1765342E-04   0.2186065E-04   0.3095568E-04   0.3024144E-04   0.4154445E-04   0.1811057E-03   0.2536554E-04   0.1702557E-04   0.4620134E-05  -0.1208071E-04  -0.2943363E-04  -0.3402099E-04  -0.3725213E-04  -0.5079772E-04  -0.5911643E-04  -0.6195386E-04
-0.5157062E-04  -0.3464405E-04  -0.3973204E-04  -0.2526841E-04  -0.9560423E-05   0.1454116E-06   0.1161338E-04   0.2178546E-04   0.2536554E-04   0.1601236E-03   0.3335904E-04   0.1050728E-04   0.3212136E-05   0.4942288E-05  -0.4467257E-05  -0.8613077E-05  -0.1952494E-04  -0.2364096E-04  -0.2570972E-04
-0.9702342E-04  -0.8386662E-04  -0.6343154E-04  -0.6020670E-04  -0.4085389E-04  -0.2341089E-04  -0.9510552E-05   0.2742921E-06   0.1702557E-04   0.3335904E-04   0.1655352E-03   0.4172704E-04   0.3119867E-04   0.2506369E-04   0.1996447E-04   0.1602345E-04   0.1174454E-04   0.1246948E-04   0.2937794E-05
-0.1174370E-03  -0.1062595E-03  -0.8897462E-04  -0.8341009E-04  -0.6718841E-04  -0.4099032E-04  -0.3078786E-04  -0.4592900E-05   0.4620134E-05   0.1050728E-04   0.4172704E-04   0.1736760E-03   0.5034063E-04   0.4394307E-04   0.3858343E-04   0.4273168E-04   0.3810098E-04   0.3811254E-04   0.2478718E-04
-0.1476305E-03  -0.1320826E-03  -0.1138526E-03  -0.1015622E-03  -0.8971416E-04  -0.6598714E-04  -0.5322708E-04  -0.3732856E-04  -0.1208071E-04   0.3212136E-05   0.3119867E-04   0.5034063E-04   0.1858870E-03   0.6890524E-04   0.6241696E-04   0.6464980E-04   0.7177613E-04   0.7575729E-04   0.7248861E-04
-0.1872791E-03  -0.1697288E-03  -0.1529846E-03  -0.1337632E-03  -0.1154964E-03  -0.9298718E-04  -0.7022490E-04  -0.4294040E-04  -0.2943363E-04   0.4942288E-05   0.2506369E-04   0.4394307E-04   0.6890524E-04   0.2210224E-03   0.9728179E-04   0.1034173E-03   0.1032523E-03   0.1131367E-03   0.1042690E-03
-0.1996679E-03  -0.1765033E-03  -0.1652328E-03  -0.1456435E-03  -0.1289720E-03  -0.1022646E-03  -0.8190229E-04  -0.5221033E-04  -0.3402099E-04  -0.4467257E-05   0.1996447E-04   0.3858343E-04   0.6241696E-04   0.9728179E-04   0.2557645E-03   0.1171364E-03   0.1165902E-03   0.1289076E-03   0.1235938E-03
-0.2245885E-03  -0.2020591E-03  -0.1894199E-03  -0.1671229E-03  -0.1438977E-03  -0.1165751E-03  -0.9266127E-04  -0.6585965E-04  -0.3725213E-04  -0.8613077E-05   0.1602345E-04   0.4273168E-04   0.6464980E-04   0.1034173E-03   0.1171364E-03   0.2670785E-03   0.1478475E-03   0.1666789E-03   0.1574976E-03
-0.2364208E-03  -0.2045977E-03  -0.1987072E-03  -0.1719843E-03  -0.1513971E-03  -0.1201142E-03  -0.1108310E-03  -0.6902501E-04  -0.5079772E-04  -0.1952494E-04   0.1174454E-04   0.3810098E-04   0.7177613E-04   0.1032523E-03   0.1165902E-03   0.1478475E-03   0.2907278E-03   0.1923017E-03   0.1766706E-03
-0.2637154E-03  -0.2356534E-03  -0.2231565E-03  -0.1941244E-03  -0.1764864E-03  -0.1340524E-03  -0.1216095E-03  -0.8078937E-04  -0.5911643E-04  -0.2364096E-04   0.1246948E-04   0.3811254E-04   0.7575729E-04   0.1131367E-03   0.1289076E-03   0.1666789E-03   0.1923017E-03   0.3418977E-03   0.2197616E-03
-0.2447587E-03  -0.2279365E-03  -0.2155186E-03  -0.1820231E-03  -0.1612494E-03  -0.1346071E-03  -0.1189552E-03  -0.8431710E-04  -0.6195386E-04  -0.2570972E-04   0.2937794E-05   0.2478718E-04   0.7248861E-04   0.1042690E-03   0.1235938E-03   0.1574976E-03   0.1766706E-03   0.2197616E-03   0.3437543E-03
