0.8266458E-03   0.4358098E-03   0.3331650E-03   0.2509575E-03   0.1827999E-03   0.1232194E-03   0.6112821E-04   0.1791660E-04  -0.2321430E-04  -0.7415367E-04  -0.1064324E-03  -0.1294336E-03  -0.1647322E-03  -0.1774441E-03  -0.2295495E-03  -0.2485812E-03  -0.2552261E-03  -0.2719542E-03  -0.2749187E-03
0.4358098E-03   0.6209812E-03   0.3195549E-03   0.2415538E-03   0.1809301E-03   0.1258136E-03   0.7955662E-04   0.2016357E-04  -0.1972959E-04  -0.6169766E-04  -0.9727874E-04  -0.1144183E-03  -0.1582376E-03  -0.1680923E-03  -0.1953467E-03  -0.2218307E-03  -0.2327995E-03  -0.2387257E-03  -0.2604064E-03
0.3331650E-03   0.3195549E-03   0.5256854E-03   0.2418095E-03   0.1773002E-03   0.1227329E-03   0.7873843E-04   0.3356668E-04  -0.3947001E-05  -0.5477308E-04  -0.7368269E-04  -0.1023385E-03  -0.1389029E-03  -0.1597139E-03  -0.1733074E-03  -0.2068297E-03  -0.2096619E-03  -0.2228143E-03  -0.2420541E-03
0.2509575E-03   0.2415538E-03   0.2418095E-03   0.5047320E-03   0.1695995E-03   0.1229463E-03   0.7615322E-04   0.4236432E-04   0.3148306E-05  -0.4460204E-04  -0.7906476E-04  -0.1027435E-03  -0.1265315E-03  -0.1429773E-03  -0.1737532E-03  -0.1758230E-03  -0.1829126E-03  -0.2043785E-03  -0.2080508E-03
0.1827999E-03   0.1809301E-03   0.1773002E-03   0.1695995E-03   0.3839392E-03   0.1355861E-03   0.9220583E-04   0.3490356E-04   0.2141661E-04  -0.1654459E-04  -0.4484149E-04  -0.7722519E-04  -0.1032343E-03  -0.1139229E-03  -0.1405352E-03  -0.1576892E-03  -0.1751674E-03  -0.1728479E-03  -0.1833452E-03
0.1232194E-03   0.1258136E-03   0.1227329E-03   0.1229463E-03   0.1355861E-03   0.3491261E-03   0.1003504E-03   0.5095684E-04   0.3852117E-04   0.6391379E-05  -0.2863653E-04  -0.6140904E-04  -0.8323202E-04  -0.1053570E-03  -0.1195210E-03  -0.1486346E-03  -0.1454874E-03  -0.1502794E-03  -0.1662370E-03
0.6112821E-04   0.7955662E-04   0.7873843E-04   0.7615322E-04   0.9220583E-04   0.1003504E-03   0.3134357E-03   0.6842528E-04   0.3444506E-04   0.4668001E-05  -0.1622610E-04  -0.3652185E-04  -0.6972655E-04  -0.7841453E-04  -0.9204001E-04  -0.1186512E-03  -0.1201256E-03  -0.1237839E-03  -0.1252181E-03
0.1791660E-04   0.2016357E-04   0.3356668E-04   0.4236432E-04   0.3490356E-04   0.5095684E-04   0.6842528E-04   0.2903650E-03   0.5010717E-04   0.2381264E-04  -0.5263113E-05  -0.2031438E-04  -0.2988042E-04  -0.5028157E-04  -0.6542090E-04  -0.7841473E-04  -0.8052179E-04  -0.9377320E-04  -0.1061871E-03
-0.2321430E-04  -0.1972959E-04  -0.3947001E-05   0.3148306E-05   0.2141661E-04   0.3852117E-04   0.3444506E-04   0.5010717E-04   0.2997224E-03   0.3560613E-04   0.7226005E-05  -0.7010512E-06  -0.1675961E-04  -0.2815325E-04  -0.5541860E-04  -0.5132035E-04  -0.6688721E-04  -0.6913496E-04  -0.7107779E-04
-0.7415367E-04  -0.6169766E-04  -0.5477308E-04  -0.4460204E-04  -0.1654459E-04   0.6391379E-05   0.4668001E-05   0.2381264E-04   0.3560613E-04   0.2607238E-03   0.3477010E-04   0.1522448E-04   0.1002196E-04   0.3365505E-05  -0.6114791E-05  -0.2092422E-04  -0.1634761E-04  -0.2282973E-04  -0.4218075E-04
-0.1064324E-03  -0.9727874E-04  -0.7368269E-04  -0.7906476E-04  -0.4484149E-04  -0.2863653E-04  -0.1622610E-04  -0.5263113E-05   0.7226005E-05   0.3477010E-04   0.2591057E-03   0.4407692E-04   0.3372510E-04   0.2070309E-04   0.1347043E-04   0.1579772E-04   0.6970699E-05   0.1298917E-04   0.5030356E-05
-0.1294336E-03  -0.1144183E-03  -0.1023385E-03  -0.1027435E-03  -0.7722519E-04  -0.6140904E-04  -0.3652185E-04  -0.2031438E-04  -0.7010512E-06   0.1522448E-04   0.4407692E-04   0.2726022E-03   0.6940306E-04   0.3733717E-04   0.2859200E-04   0.5228135E-04   0.2701931E-04   0.2612926E-04   0.3966257E-04
-0.1647322E-03  -0.1582376E-03  -0.1389029E-03  -0.1265315E-03  -0.1032343E-03  -0.8323202E-04  -0.6972655E-04  -0.2988042E-04  -0.1675961E-04   0.1002196E-04   0.3372510E-04   0.6940306E-04   0.2887519E-03   0.6575443E-04   0.6699893E-04   0.7427040E-04   0.6736493E-04   0.6312798E-04   0.7444703E-04
-0.1774441E-03  -0.1680923E-03  -0.1597139E-03  -0.1429773E-03  -0.1139229E-03  -0.1053570E-03  -0.7841453E-04  -0.5028157E-04  -0.2815325E-04   0.3365505E-05   0.2070309E-04   0.3733717E-04   0.6575443E-04   0.3018636E-03   0.9633098E-04   0.9688552E-04   0.9909531E-04   0.1032028E-03   0.1050620E-03
-0.2295495E-03  -0.1953467E-03  -0.1733074E-03  -0.1737532E-03  -0.1405352E-03  -0.1195210E-03  -0.9204001E-04  -0.6542090E-04  -0.5541860E-04  -0.6114791E-05   0.1347043E-04   0.2859200E-04   0.6699893E-04   0.9633098E-04   0.3588614E-03   0.1416706E-03   0.1204680E-03   0.1417475E-03   0.1369359E-03
-0.2485812E-03  -0.2218307E-03  -0.2068297E-03  -0.1758230E-03  -0.1576892E-03  -0.1486346E-03  -0.1186512E-03  -0.7841473E-04  -0.5132035E-04  -0.2092422E-04   0.1579772E-04   0.5228135E-04   0.7427040E-04   0.9688552E-04   0.1416706E-03   0.3738192E-03   0.1697816E-03   0.1588165E-03   0.1672869E-03
-0.2552261E-03  -0.2327995E-03  -0.2096619E-03  -0.1829126E-03  -0.1751674E-03  -0.1454874E-03  -0.1201256E-03  -0.8052179E-04  -0.6688721E-04  -0.1634761E-04   0.6970699E-05   0.2701931E-04   0.6736493E-04   0.9909531E-04   0.1204680E-03   0.1697816E-03   0.4081842E-03   0.1941018E-03   0.1913621E-03
-0.2719542E-03  -0.2387257E-03  -0.2228143E-03  -0.2043785E-03  -0.1728479E-03  -0.1502794E-03  -0.1237839E-03  -0.9377320E-04  -0.6913496E-04  -0.2282973E-04   0.1298917E-04   0.2612926E-04   0.6312798E-04   0.1032028E-03   0.1417475E-03   0.1588165E-03   0.1941018E-03   0.4258140E-03   0.2240040E-03
-0.2749187E-03  -0.2604064E-03  -0.2420541E-03  -0.2080508E-03  -0.1833452E-03  -0.1662370E-03  -0.1252181E-03  -0.1061871E-03  -0.7107779E-04  -0.4218075E-04   0.5030356E-05   0.3966257E-04   0.7444703E-04   0.1050620E-03   0.1369359E-03   0.1672869E-03   0.1913621E-03   0.2240040E-03   0.4753019E-03
