0.6529583E-03   0.3245364E-03   0.2479611E-03   0.1906628E-03   0.1412308E-03   0.1161365E-03   0.5967093E-04   0.2352530E-04   0.8225211E-05  -0.2636959E-04  -0.7193246E-04  -0.7498301E-04  -0.1148213E-03  -0.1429846E-03  -0.1466375E-03  -0.1749579E-03  -0.1715229E-03  -0.1843993E-03  -0.2250590E-03  -0.2163600E-03
0.3245364E-03   0.5175620E-03   0.2270841E-03   0.1728447E-03   0.1210011E-03   0.1142475E-03   0.6106264E-04   0.3840937E-04   0.1536464E-04  -0.1778438E-04  -0.4916501E-04  -0.8068439E-04  -0.1092717E-03  -0.1189234E-03  -0.1304968E-03  -0.1579751E-03  -0.1665115E-03  -0.1797029E-03  -0.2056781E-03  -0.1956749E-03
0.2479611E-03   0.2270841E-03   0.4230288E-03   0.1763374E-03   0.1299495E-03   0.1170163E-03   0.5832797E-04   0.3043534E-04   0.1194810E-04  -0.1904405E-04  -0.4437216E-04  -0.6086111E-04  -0.8975833E-04  -0.1216008E-03  -0.1147749E-03  -0.1427552E-03  -0.1461006E-03  -0.1642555E-03  -0.1717897E-03  -0.1805265E-03
0.1906628E-03   0.1728447E-03   0.1763374E-03   0.4151002E-03   0.1318171E-03   0.9870024E-04   0.7442197E-04   0.3837122E-04   0.1423166E-04  -0.1467002E-04  -0.4123317E-04  -0.5859624E-04  -0.7955790E-04  -0.1040868E-03  -0.1090539E-03  -0.1417350E-03  -0.1395584E-03  -0.1524064E-03  -0.1690770E-03  -0.1510939E-03
0.1412308E-03   0.1210011E-03   0.1299495E-03   0.1318171E-03   0.3309123E-03   0.9606901E-04   0.7155473E-04   0.4999430E-04   0.1790367E-04  -0.3524497E-05  -0.4227010E-04  -0.3646221E-04  -0.6837545E-04  -0.7933438E-04  -0.8630669E-04  -0.1156148E-03  -0.1203749E-03  -0.1284675E-03  -0.1381368E-03  -0.1354351E-03
0.1161365E-03   0.1142475E-03   0.1170163E-03   0.9870024E-04   0.9606901E-04   0.3388447E-03   0.6092255E-04   0.3753464E-04   0.2472868E-04  -0.8421195E-05  -0.2613911E-04  -0.4179041E-04  -0.5871327E-04  -0.7916018E-04  -0.9011117E-04  -0.9656480E-04  -0.1080736E-03  -0.1196833E-03  -0.1158316E-03  -0.1362571E-03
0.5967093E-04   0.6106264E-04   0.5832797E-04   0.7442197E-04   0.7155473E-04   0.6092255E-04   0.2593648E-03   0.4578584E-04   0.3155833E-04   0.1746563E-04  -0.1216804E-04  -0.2227134E-04  -0.3772510E-04  -0.5146074E-04  -0.6501340E-04  -0.7256325E-04  -0.8677862E-04  -0.9430887E-04  -0.9425293E-04  -0.1049545E-03
0.2352530E-04   0.3840937E-04   0.3043534E-04   0.3837122E-04   0.4999430E-04   0.3753464E-04   0.4578584E-04   0.2811621E-03   0.4088897E-04   0.1575015E-04  -0.1054823E-04  -0.1926074E-04  -0.2115002E-04  -0.3934486E-04  -0.4191752E-04  -0.6350361E-04  -0.7174237E-04  -0.7233622E-04  -0.8674812E-04  -0.8698481E-04
0.8225211E-05   0.1536464E-04   0.1194810E-04   0.1423166E-04   0.1790367E-04   0.2472868E-04   0.3155833E-04   0.4088897E-04   0.2346222E-03   0.1869602E-04  -0.1069822E-05  -0.1377483E-05  -0.1844566E-04  -0.2228795E-04  -0.3982954E-04  -0.4061876E-04  -0.5345633E-04  -0.5522198E-04  -0.6122066E-04  -0.5889848E-04
-0.2636959E-04  -0.1778438E-04  -0.1904405E-04  -0.1467002E-04  -0.3524497E-05  -0.8421195E-05   0.1746563E-04   0.1575015E-04   0.1869602E-04   0.2337884E-03   0.2578816E-04   0.9792762E-05   0.1367224E-05  -0.1206958E-04  -0.1627002E-04  -0.2029381E-04  -0.3490083E-04  -0.3536724E-04  -0.3596490E-04  -0.3539600E-04
-0.7193246E-04  -0.4916501E-04  -0.4437216E-04  -0.4123317E-04  -0.4227010E-04  -0.2613911E-04  -0.1216804E-04  -0.1054823E-04  -0.1069822E-05   0.2578816E-04   0.2437685E-03   0.1975701E-04   0.1073212E-04   0.1628557E-04  -0.3538305E-05   0.7946360E-05  -0.7600181E-05   0.3558268E-05  -0.7120151E-05  -0.2103205E-05
-0.7498301E-04  -0.8068439E-04  -0.6086111E-04  -0.5859624E-04  -0.3646221E-04  -0.4179041E-04  -0.2227134E-04  -0.1926074E-04  -0.1377483E-05   0.9792762E-05   0.1975701E-04   0.2451885E-03   0.3050888E-04   0.1736249E-04   0.1537309E-04   0.1488365E-04   0.1185553E-04   0.1323593E-04   0.9044680E-05   0.1164862E-04
-0.1148213E-03  -0.1092717E-03  -0.8975833E-04  -0.7955790E-04  -0.6837545E-04  -0.5871327E-04  -0.3772510E-04  -0.2115002E-04  -0.1844566E-04   0.1367224E-05   0.1073212E-04   0.3050888E-04   0.2742793E-03   0.3955889E-04   0.2983374E-04   0.4125093E-04   0.3819610E-04   0.2720943E-04   0.3809406E-04   0.4339343E-04
-0.1429846E-03  -0.1189234E-03  -0.1216008E-03  -0.1040868E-03  -0.7933438E-04  -0.7916018E-04  -0.5146074E-04  -0.3934486E-04  -0.2228795E-04  -0.1206958E-04   0.1628557E-04   0.1736249E-04   0.3955889E-04   0.2562064E-03   0.5412850E-04   0.5450104E-04   0.6062194E-04   0.7165438E-04   0.6333400E-04   0.6529732E-04
-0.1466375E-03  -0.1304968E-03  -0.1147749E-03  -0.1090539E-03  -0.8630669E-04  -0.9011117E-04  -0.6501340E-04  -0.4191752E-04  -0.3982954E-04  -0.1627002E-04  -0.3538305E-05   0.1537309E-04   0.2983374E-04   0.5412850E-04   0.2925949E-03   0.8059658E-04   0.7635206E-04   0.6992216E-04   0.7263155E-04   0.7263674E-04
-0.1749579E-03  -0.1579751E-03  -0.1427552E-03  -0.1417350E-03  -0.1156148E-03  -0.9656480E-04  -0.7256325E-04  -0.6350361E-04  -0.4061876E-04  -0.2029381E-04   0.7946360E-05   0.1488365E-04   0.4125093E-04   0.5450104E-04   0.8059658E-04   0.2904200E-03   0.1027249E-03   0.9621805E-04   0.1136605E-03   0.1136760E-03
-0.1715229E-03  -0.1665115E-03  -0.1461006E-03  -0.1395584E-03  -0.1203749E-03  -0.1080736E-03  -0.8677862E-04  -0.7174237E-04  -0.5345633E-04  -0.3490083E-04  -0.7600181E-05   0.1185553E-04   0.3819610E-04   0.6062194E-04   0.7635206E-04   0.1027249E-03   0.3275531E-03   0.1202799E-03   0.1259055E-03   0.1220836E-03
-0.1843993E-03  -0.1797029E-03  -0.1642555E-03  -0.1524064E-03  -0.1284675E-03  -0.1196833E-03  -0.9430887E-04  -0.7233622E-04  -0.5522198E-04  -0.3536724E-04   0.3558268E-05   0.1323593E-04   0.2720943E-04   0.7165438E-04   0.6992216E-04   0.9621805E-04   0.1202799E-03   0.3376324E-03   0.1492165E-03   0.1405538E-03
-0.2250590E-03  -0.2056781E-03  -0.1717897E-03  -0.1690770E-03  -0.1381368E-03  -0.1158316E-03  -0.9425293E-04  -0.8674812E-04  -0.6122066E-04  -0.3596490E-04  -0.7120151E-05   0.9044680E-05   0.3809406E-04   0.6333400E-04   0.7263155E-04   0.1136605E-03   0.1259055E-03   0.1492165E-03   0.3981548E-03   0.1790167E-03
-0.2163600E-03  -0.1956749E-03  -0.1805265E-03  -0.1510939E-03  -0.1354351E-03  -0.1362571E-03  -0.1049545E-03  -0.8698481E-04  -0.5889848E-04  -0.3539600E-04  -0.2103205E-05   0.1164862E-04   0.4339343E-04   0.6529732E-04   0.7263674E-04   0.1136760E-03   0.1220836E-03   0.1405538E-03   0.1790167E-03   0.3769551E-03
