0.8275661E-03   0.4444341E-03   0.3493128E-03   0.2684956E-03   0.1945901E-03   0.1367940E-03   0.7213543E-04   0.4798071E-04   0.1431566E-05  -0.5922515E-04  -0.9222133E-04  -0.1129381E-03  -0.1592324E-03  -0.1698869E-03  -0.1794248E-03  -0.2368650E-03  -0.2504837E-03  -0.2578187E-03  -0.2756444E-03  -0.2739155E-03
0.4444341E-03   0.6818210E-03   0.3332372E-03   0.2593247E-03   0.1957064E-03   0.1380125E-03   0.9490583E-04   0.5138805E-04   0.1832401E-05  -0.4429252E-04  -0.9887487E-04  -0.9509618E-04  -0.1508681E-03  -0.1610520E-03  -0.1858748E-03  -0.2035329E-03  -0.2417929E-03  -0.2404818E-03  -0.2456828E-03  -0.2693148E-03
0.3493128E-03   0.3332372E-03   0.5388403E-03   0.2572776E-03   0.1889355E-03   0.1275105E-03   0.8859752E-04   0.6253084E-04   0.5443977E-05  -0.4051548E-04  -0.7678765E-04  -0.7856462E-04  -0.1258834E-03  -0.1560494E-03  -0.1604888E-03  -0.1757289E-03  -0.2118398E-03  -0.2144325E-03  -0.2278438E-03  -0.2424443E-03
0.2684956E-03   0.2593247E-03   0.2572776E-03   0.5134471E-03   0.1787958E-03   0.1209109E-03   0.8174173E-04   0.5911419E-04   0.2122297E-04  -0.2936346E-04  -0.7007458E-04  -0.8310371E-04  -0.1163611E-03  -0.1367742E-03  -0.1454475E-03  -0.1717970E-03  -0.1836461E-03  -0.1909073E-03  -0.2096598E-03  -0.2079991E-03
0.1945901E-03   0.1957064E-03   0.1889355E-03   0.1787958E-03   0.3964969E-03   0.1499245E-03   0.1114333E-03   0.6917384E-04   0.3288499E-04  -0.3832206E-05  -0.4590107E-04  -0.6069435E-04  -0.1024540E-03  -0.1096715E-03  -0.1294350E-03  -0.1502764E-03  -0.1677890E-03  -0.1799901E-03  -0.1753501E-03  -0.1922439E-03
0.1367940E-03   0.1380125E-03   0.1275105E-03   0.1209109E-03   0.1499245E-03   0.3892588E-03   0.1065358E-03   0.6194066E-04   0.4097399E-04   0.1009996E-04  -0.6214839E-05  -0.4769961E-04  -0.7663343E-04  -0.9580652E-04  -0.1176119E-03  -0.1269030E-03  -0.1595565E-03  -0.1564693E-03  -0.1556460E-03  -0.1703504E-03
0.7213543E-04   0.9490583E-04   0.8859752E-04   0.8174173E-04   0.1114333E-03   0.1065358E-03   0.3327414E-03   0.7526787E-04   0.5344783E-04   0.1240101E-04  -0.1450251E-04  -0.3261906E-04  -0.6811212E-04  -0.6817194E-04  -0.8614579E-04  -0.1038722E-03  -0.1259916E-03  -0.1308361E-03  -0.1320408E-03  -0.1289756E-03
0.4798071E-04   0.5138805E-04   0.6253084E-04   0.5911419E-04   0.6917384E-04   0.6194066E-04   0.7526787E-04   0.3405772E-03   0.5436512E-04   0.1860607E-04   0.5303701E-05  -0.2608221E-04  -0.4483792E-04  -0.5141807E-04  -0.7380483E-04  -0.8102121E-04  -0.1037654E-03  -0.9859731E-04  -0.1187161E-03  -0.1280009E-03
0.1431566E-05   0.1832401E-05   0.5443977E-05   0.2122297E-04   0.3288499E-04   0.4097399E-04   0.5344783E-04   0.5436512E-04   0.2968461E-03   0.4367795E-04   0.2842481E-05   0.4699182E-05  -0.2524932E-04  -0.2709145E-04  -0.5167371E-04  -0.6437046E-04  -0.6428971E-04  -0.7369836E-04  -0.7600017E-04  -0.8262875E-04
-0.5922515E-04  -0.4429252E-04  -0.4051548E-04  -0.2936346E-04  -0.3832206E-05   0.1009996E-04   0.1240101E-04   0.1860607E-04   0.4367795E-04   0.2602235E-03   0.3705102E-04   0.1826726E-04   0.7566847E-05   0.1356886E-04  -0.1615655E-04  -0.1911978E-04  -0.3218354E-04  -0.3434992E-04  -0.4340355E-04  -0.5084083E-04
-0.9222133E-04  -0.9887487E-04  -0.7678765E-04  -0.7007458E-04  -0.4590107E-04  -0.6214839E-05  -0.1450251E-04   0.5303701E-05   0.2842481E-05   0.3705102E-04   0.2908305E-03   0.3340576E-04   0.1735382E-04   0.1722536E-04   0.5761259E-05   0.5506839E-05   0.5963638E-05   0.4220455E-05   0.3517677E-06  -0.9170346E-05
-0.1129381E-03  -0.9509618E-04  -0.7856462E-04  -0.8310371E-04  -0.6069435E-04  -0.4769961E-04  -0.3261906E-04  -0.2608221E-04   0.4699182E-05   0.1826726E-04   0.3340576E-04   0.2653749E-03   0.5041003E-04   0.4691810E-04   0.1589069E-04   0.2150805E-04   0.2547919E-04   0.5842093E-05   0.1593754E-04   0.1939552E-04
-0.1592324E-03  -0.1508681E-03  -0.1258834E-03  -0.1163611E-03  -0.1024540E-03  -0.7663343E-04  -0.6811212E-04  -0.4483792E-04  -0.2524932E-04   0.7566847E-05   0.1735382E-04   0.5041003E-04   0.3364923E-03   0.7797277E-04   0.4648809E-04   0.5983777E-04   0.6297472E-04   0.5240409E-04   0.4674498E-04   0.5370430E-04
-0.1698869E-03  -0.1610520E-03  -0.1560494E-03  -0.1367742E-03  -0.1096715E-03  -0.9580652E-04  -0.6817194E-04  -0.5141807E-04  -0.2709145E-04   0.1356886E-04   0.1722536E-04   0.4691810E-04   0.7797277E-04   0.2889470E-03   0.7262779E-04   0.7010034E-04   0.7931971E-04   0.7583345E-04   0.6813391E-04   0.8689705E-04
-0.1794248E-03  -0.1858748E-03  -0.1604888E-03  -0.1454475E-03  -0.1294350E-03  -0.1176119E-03  -0.8614579E-04  -0.7380483E-04  -0.5167371E-04  -0.1615655E-04   0.5761259E-05   0.1589069E-04   0.4648809E-04   0.7262779E-04   0.3452853E-03   0.1087540E-03   0.9880321E-04   0.1082641E-03   0.1169230E-03   0.1166873E-03
-0.2368650E-03  -0.2035329E-03  -0.1757289E-03  -0.1717970E-03  -0.1502764E-03  -0.1269030E-03  -0.1038722E-03  -0.8102121E-04  -0.6437046E-04  -0.1911978E-04   0.5506839E-05   0.2150805E-04   0.5983777E-04   0.7010034E-04   0.1087540E-03   0.3482277E-03   0.1422415E-03   0.1411529E-03   0.1359892E-03   0.1441833E-03
-0.2504837E-03  -0.2417929E-03  -0.2118398E-03  -0.1836461E-03  -0.1677890E-03  -0.1595565E-03  -0.1259916E-03  -0.1037654E-03  -0.6428971E-04  -0.3218354E-04   0.5963638E-05   0.2547919E-04   0.6297472E-04   0.7931971E-04   0.9880321E-04   0.1422415E-03   0.4222922E-03   0.1787402E-03   0.1707127E-03   0.1741536E-03
-0.2578187E-03  -0.2404818E-03  -0.2144325E-03  -0.1909073E-03  -0.1799901E-03  -0.1564693E-03  -0.1308361E-03  -0.9859731E-04  -0.7369836E-04  -0.3434992E-04   0.4220455E-05   0.5842093E-05   0.5240409E-04   0.7583345E-04   0.1082641E-03   0.1411529E-03   0.1787402E-03   0.4080959E-03   0.1987920E-03   0.1970241E-03
-0.2756444E-03  -0.2456828E-03  -0.2278438E-03  -0.2096598E-03  -0.1753501E-03  -0.1556460E-03  -0.1320408E-03  -0.1187161E-03  -0.7600017E-04  -0.4340355E-04   0.3517677E-06   0.1593754E-04   0.4674498E-04   0.6813391E-04   0.1169230E-03   0.1359892E-03   0.1707127E-03   0.1987920E-03   0.4606161E-03   0.2252479E-03
-0.2739155E-03  -0.2693148E-03  -0.2424443E-03  -0.2079991E-03  -0.1922439E-03  -0.1703504E-03  -0.1289756E-03  -0.1280009E-03  -0.8262875E-04  -0.5084083E-04  -0.9170346E-05   0.1939552E-04   0.5370430E-04   0.8689705E-04   0.1166873E-03   0.1441833E-03   0.1741536E-03   0.1970241E-03   0.2252479E-03   0.4767307E-03
