0.6728071E-03   0.4081861E-03   0.3328798E-03   0.2521943E-03   0.2002620E-03   0.1439371E-03   0.8179744E-04   0.4411244E-04   0.5492643E-05  -0.3777980E-04  -0.8198416E-04  -0.9688977E-04  -0.1432454E-03  -0.1590844E-03  -0.1908682E-03  -0.2036255E-03  -0.2301612E-03  -0.2385020E-03  -0.2667925E-03  -0.2438696E-03
0.4081861E-03   0.5271407E-03   0.3109274E-03   0.2384127E-03   0.1879108E-03   0.1447315E-03   0.8969765E-04   0.4429862E-04   0.6244047E-05  -0.2615129E-04  -0.6273094E-04  -0.9259535E-04  -0.1280304E-03  -0.1430441E-03  -0.1819070E-03  -0.1855820E-03  -0.2132989E-03  -0.2134628E-03  -0.2440248E-03  -0.2336379E-03
0.3328798E-03   0.3109274E-03   0.4145057E-03   0.2317208E-03   0.1808062E-03   0.1398762E-03   0.9092532E-04   0.5937099E-04   0.1566499E-04  -0.1893281E-04  -0.6038210E-04  -0.7129910E-04  -0.1100892E-03  -0.1314387E-03  -0.1555280E-03  -0.1708844E-03  -0.2006695E-03  -0.2024835E-03  -0.2220762E-03  -0.2160455E-03
0.2521943E-03   0.2384127E-03   0.2317208E-03   0.3684309E-03   0.1739406E-03   0.1325059E-03   0.9386257E-04   0.5321318E-04   0.2052766E-04  -0.1024025E-04  -0.5352261E-04  -0.6542645E-04  -0.1005183E-03  -0.1166075E-03  -0.1358437E-03  -0.1558485E-03  -0.1661454E-03  -0.1795571E-03  -0.2014375E-03  -0.1868632E-03
0.2002620E-03   0.1879108E-03   0.1808062E-03   0.1739406E-03   0.2821063E-03   0.1278743E-03   0.9191852E-04   0.5993908E-04   0.3783285E-04  -0.1487440E-05  -0.3158095E-04  -0.5208078E-04  -0.8296264E-04  -0.9842016E-04  -0.1237727E-03  -0.1324014E-03  -0.1466055E-03  -0.1555812E-03  -0.1827276E-03  -0.1607234E-03
0.1439371E-03   0.1447315E-03   0.1398762E-03   0.1325059E-03   0.1278743E-03   0.2667115E-03   0.9790756E-04   0.6075015E-04   0.3673184E-04   0.9569094E-05  -0.2054187E-04  -0.3891290E-04  -0.6628033E-04  -0.8531656E-04  -0.1038356E-03  -0.1197358E-03  -0.1345930E-03  -0.1323196E-03  -0.1498648E-03  -0.1498455E-03
0.8179744E-04   0.8969765E-04   0.9092532E-04   0.9386257E-04   0.9191852E-04   0.9790756E-04   0.2079190E-03   0.7130218E-04   0.4113024E-04   0.1881020E-04  -0.8104621E-06  -0.2250962E-04  -0.4551774E-04  -0.6241655E-04  -0.7290384E-04  -0.9115624E-04  -0.1020091E-03  -0.1133561E-03  -0.1278926E-03  -0.1196063E-03
0.4411244E-04   0.4429862E-04   0.5937099E-04   0.5321318E-04   0.5993908E-04   0.6075015E-04   0.7130218E-04   0.2122056E-03   0.5065566E-04   0.2492592E-04   0.2997024E-05  -0.4660285E-05  -0.3177372E-04  -0.4764488E-04  -0.5932779E-04  -0.6481352E-04  -0.8025912E-04  -0.8959463E-04  -0.1001169E-03  -0.9864520E-04
0.5492643E-05   0.6244047E-05   0.1566499E-04   0.2052766E-04   0.3783285E-04   0.3673184E-04   0.4113024E-04   0.5065566E-04   0.1848923E-03   0.2928428E-04   0.1191224E-04   0.9380390E-05  -0.1032582E-04  -0.2527724E-04  -0.4256102E-04  -0.4498324E-04  -0.5190714E-04  -0.6112568E-04  -0.6626703E-04  -0.7147834E-04
-0.3777980E-04  -0.2615129E-04  -0.1893281E-04  -0.1024025E-04  -0.1487440E-05   0.9569094E-05   0.1881020E-04   0.2492592E-04   0.2928428E-04   0.1587519E-03   0.3034551E-04   0.1635896E-04   0.3133527E-05  -0.3120605E-05  -0.8090390E-05  -0.1261764E-04  -0.2569627E-04  -0.2781852E-04  -0.3988678E-04  -0.3716398E-04
-0.8198416E-04  -0.6273094E-04  -0.6038210E-04  -0.5352261E-04  -0.3158095E-04  -0.2054187E-04  -0.8104621E-06   0.2997024E-05   0.1191224E-04   0.3034551E-04   0.1820953E-03   0.3331638E-04   0.2564194E-04   0.1684552E-04   0.1402213E-04   0.9088284E-05   0.5680931E-05   0.4907667E-06  -0.4176396E-05  -0.7690942E-05
-0.9688977E-04  -0.9259535E-04  -0.7129910E-04  -0.6542645E-04  -0.5208078E-04  -0.3891290E-04  -0.2250962E-04  -0.4660285E-05   0.9380390E-05   0.1635896E-04   0.3331638E-04   0.1711454E-03   0.4170915E-04   0.3657711E-04   0.2388241E-04   0.2740464E-04   0.2526509E-04   0.1905810E-04   0.2101389E-04   0.7685780E-05
-0.1432454E-03  -0.1280304E-03  -0.1100892E-03  -0.1005183E-03  -0.8296264E-04  -0.6628033E-04  -0.4551774E-04  -0.3177372E-04  -0.1032582E-04   0.3133527E-05   0.2564194E-04   0.4170915E-04   0.2082429E-03   0.6195465E-04   0.5511185E-04   0.5705109E-04   0.5465592E-04   0.5458647E-04   0.5696694E-04   0.4826462E-04
-0.1590844E-03  -0.1430441E-03  -0.1314387E-03  -0.1166075E-03  -0.9842016E-04  -0.8531656E-04  -0.6241655E-04  -0.4764488E-04  -0.2527724E-04  -0.3120605E-05   0.1684552E-04   0.3657711E-04   0.6195465E-04   0.1956957E-03   0.7855403E-04   0.7256089E-04   0.8023634E-04   0.8040552E-04   0.8565509E-04   0.8344890E-04
-0.1908682E-03  -0.1819070E-03  -0.1555280E-03  -0.1358437E-03  -0.1237727E-03  -0.1038356E-03  -0.7290384E-04  -0.5932779E-04  -0.4256102E-04  -0.8090390E-05   0.1402213E-04   0.2388241E-04   0.5511185E-04   0.7855403E-04   0.2436261E-03   0.1058970E-03   0.9871727E-04   0.1107191E-03   0.1186554E-03   0.1089906E-03
-0.2036255E-03  -0.1855820E-03  -0.1708844E-03  -0.1558485E-03  -0.1324014E-03  -0.1197358E-03  -0.9115624E-04  -0.6481352E-04  -0.4498324E-04  -0.1261764E-04   0.9088284E-05   0.2740464E-04   0.5705109E-04   0.7256089E-04   0.1058970E-03   0.2449309E-03   0.1223387E-03   0.1286599E-03   0.1391545E-03   0.1337573E-03
-0.2301612E-03  -0.2132989E-03  -0.2006695E-03  -0.1661454E-03  -0.1466055E-03  -0.1345930E-03  -0.1020091E-03  -0.8025912E-04  -0.5190714E-04  -0.2569627E-04   0.5680931E-05   0.2526509E-04   0.5465592E-04   0.8023634E-04   0.9871727E-04   0.1223387E-03   0.3030596E-03   0.1531667E-03   0.1735736E-03   0.1647042E-03
-0.2385020E-03  -0.2134628E-03  -0.2024835E-03  -0.1795571E-03  -0.1555812E-03  -0.1323196E-03  -0.1133561E-03  -0.8959463E-04  -0.6112568E-04  -0.2781852E-04   0.4907667E-06   0.1905810E-04   0.5458647E-04   0.8040552E-04   0.1107191E-03   0.1286599E-03   0.1531667E-03   0.2991652E-03   0.1962228E-03   0.1822112E-03
-0.2667925E-03  -0.2440248E-03  -0.2220762E-03  -0.2014375E-03  -0.1827276E-03  -0.1498648E-03  -0.1278926E-03  -0.1001169E-03  -0.6626703E-04  -0.3988678E-04  -0.4176396E-05   0.2101389E-04   0.5696694E-04   0.8565509E-04   0.1186554E-03   0.1391545E-03   0.1735736E-03   0.1962228E-03   0.3677283E-03   0.2209721E-03
-0.2438696E-03  -0.2336379E-03  -0.2160455E-03  -0.1868632E-03  -0.1607234E-03  -0.1498455E-03  -0.1196063E-03  -0.9864520E-04  -0.7147834E-04  -0.3716398E-04  -0.7690942E-05   0.7685780E-05   0.4826462E-04   0.8344890E-04   0.1089906E-03   0.1337573E-03   0.1647042E-03   0.1822112E-03   0.2209721E-03   0.3440300E-03
