0.1315831E-02   0.8274234E-03   0.6548567E-03   0.5202486E-03   0.3980032E-03   0.3040606E-03   0.1966072E-03   0.6667041E-04   0.2285938E-04  -0.7880852E-04  -0.1330871E-03  -0.2000034E-03  -0.3089992E-03  -0.3334006E-03  -0.3787956E-03  -0.4199107E-03  -0.4397236E-03  -0.4863760E-03  -0.5195874E-03  -0.5162416E-03
0.8274234E-03   0.1012627E-02   0.6009307E-03   0.4813445E-03   0.3680415E-03   0.2647555E-03   0.1936593E-03   0.7907824E-04   0.3238592E-04  -0.5719327E-04  -0.1161717E-03  -0.1792377E-03  -0.2601731E-03  -0.2968928E-03  -0.3632949E-03  -0.3836344E-03  -0.3903529E-03  -0.4459866E-03  -0.4564757E-03  -0.4747298E-03
0.6548567E-03   0.6009307E-03   0.7861870E-03   0.4605369E-03   0.3803806E-03   0.2809725E-03   0.2061196E-03   0.1048854E-03   0.3742158E-04  -0.3842884E-04  -0.9419863E-04  -0.1424517E-03  -0.2315814E-03  -0.2726104E-03  -0.3216813E-03  -0.3538831E-03  -0.3625486E-03  -0.3948821E-03  -0.4341675E-03  -0.4399960E-03
0.5202486E-03   0.4813445E-03   0.4605369E-03   0.6876705E-03   0.3486889E-03   0.2650580E-03   0.2020445E-03   0.1114888E-03   0.5296240E-04  -0.1937715E-04  -0.7040533E-04  -0.1235784E-03  -0.1997399E-03  -0.2423739E-03  -0.2799180E-03  -0.3108802E-03  -0.3350146E-03  -0.3778937E-03  -0.3952605E-03  -0.3906693E-03
0.3980032E-03   0.3680415E-03   0.3803806E-03   0.3486889E-03   0.5329234E-03   0.2355846E-03   0.1923285E-03   0.1129335E-03   0.6034308E-04  -0.6698121E-05  -0.5295552E-04  -0.9559303E-04  -0.1612888E-03  -0.1887546E-03  -0.2357719E-03  -0.2520391E-03  -0.2962222E-03  -0.3098362E-03  -0.3389549E-03  -0.3456738E-03
0.3040606E-03   0.2647555E-03   0.2809725E-03   0.2650580E-03   0.2355846E-03   0.4830400E-03   0.2001793E-03   0.1146150E-03   0.7565170E-04   0.4044894E-05  -0.3270481E-04  -0.7259737E-04  -0.1307848E-03  -0.1590120E-03  -0.1894411E-03  -0.2190990E-03  -0.2483443E-03  -0.2796845E-03  -0.2927901E-03  -0.2970163E-03
0.1966072E-03   0.1936593E-03   0.2061196E-03   0.2020445E-03   0.1923285E-03   0.2001793E-03   0.4155084E-03   0.1418340E-03   0.8511991E-04   0.2792021E-04  -0.3169793E-05  -0.3658289E-04  -0.9647263E-04  -0.1308766E-03  -0.1631037E-03  -0.1920785E-03  -0.2199098E-03  -0.2419718E-03  -0.2514047E-03  -0.2646444E-03
0.6667041E-04   0.7907824E-04   0.1048854E-03   0.1114888E-03   0.1129335E-03   0.1146150E-03   0.1418340E-03   0.3852938E-03   0.1009746E-03   0.5405307E-04   0.2535775E-04  -0.1239769E-04  -0.4578998E-04  -0.7820367E-04  -0.1231350E-03  -0.1238983E-03  -0.1571149E-03  -0.1746356E-03  -0.1898027E-03  -0.1879550E-03
0.2285938E-04   0.3238592E-04   0.3742158E-04   0.5296240E-04   0.6034308E-04   0.7565170E-04   0.8511991E-04   0.1009746E-03   0.3059528E-03   0.7073826E-04   0.3615352E-04   0.5071883E-05  -0.1954442E-04  -0.5546729E-04  -0.7015588E-04  -0.8120043E-04  -0.1112813E-03  -0.1330921E-03  -0.1400870E-03  -0.1344415E-03
-0.7880852E-04  -0.5719327E-04  -0.3842884E-04  -0.1937715E-04  -0.6698121E-05   0.4044894E-05   0.2792021E-04   0.5405307E-04   0.7073826E-04   0.2720782E-03   0.6153229E-04   0.3603249E-04   0.1902703E-04  -0.4181636E-05  -0.3034774E-04  -0.2790846E-04  -0.3798130E-04  -0.5464499E-04  -0.7003396E-04  -0.5792976E-04
-0.1330871E-03  -0.1161717E-03  -0.9419863E-04  -0.7040533E-04  -0.5295552E-04  -0.3270481E-04  -0.3169793E-05   0.2535775E-04   0.3615352E-04   0.6153229E-04   0.3018996E-03   0.6140603E-04   0.3594625E-04   0.2725141E-04   0.1942505E-04   0.1289243E-04  -0.3732014E-05  -0.1121860E-04  -0.2349177E-04  -0.1950199E-04
-0.2000034E-03  -0.1792377E-03  -0.1424517E-03  -0.1235784E-03  -0.9559303E-04  -0.7259737E-04  -0.3658289E-04  -0.1239769E-04   0.5071883E-05   0.3603249E-04   0.6140603E-04   0.2840520E-03   0.8713790E-04   0.6575589E-04   0.6325739E-04   0.5611115E-04   0.5287724E-04   0.4968132E-04   0.3390555E-04   0.4067916E-04
-0.3089992E-03  -0.2601731E-03  -0.2315814E-03  -0.1997399E-03  -0.1612888E-03  -0.1307848E-03  -0.9647263E-04  -0.4578998E-04  -0.1954442E-04   0.1902703E-04   0.3594625E-04   0.8713790E-04   0.3560259E-03   0.1185208E-03   0.1170353E-03   0.1172686E-03   0.1059546E-03   0.1178811E-03   0.1317118E-03   0.1224234E-03
-0.3334006E-03  -0.2968928E-03  -0.2726104E-03  -0.2423739E-03  -0.1887546E-03  -0.1590120E-03  -0.1308766E-03  -0.7820367E-04  -0.5546729E-04  -0.4181636E-05   0.2725141E-04   0.6575589E-04   0.1185208E-03   0.3470296E-03   0.1746571E-03   0.1635640E-03   0.1640276E-03   0.1678295E-03   0.1857093E-03   0.1805530E-03
-0.3787956E-03  -0.3632949E-03  -0.3216813E-03  -0.2799180E-03  -0.2357719E-03  -0.1894411E-03  -0.1631037E-03  -0.1231350E-03  -0.7015588E-04  -0.3034774E-04   0.1942505E-04   0.6325739E-04   0.1170353E-03   0.1746571E-03   0.4385494E-03   0.2292036E-03   0.2034775E-03   0.2209806E-03   0.2311859E-03   0.2391381E-03
-0.4199107E-03  -0.3836344E-03  -0.3538831E-03  -0.3108802E-03  -0.2520391E-03  -0.2190990E-03  -0.1920785E-03  -0.1238983E-03  -0.8120043E-04  -0.2790846E-04   0.1289243E-04   0.5611115E-04   0.1172686E-03   0.1635640E-03   0.2292036E-03   0.4259754E-03   0.2574441E-03   0.2736856E-03   0.2715555E-03   0.2842184E-03
-0.4397236E-03  -0.3903529E-03  -0.3625486E-03  -0.3350146E-03  -0.2962222E-03  -0.2483443E-03  -0.2199098E-03  -0.1571149E-03  -0.1112813E-03  -0.3798130E-04  -0.3732014E-05   0.5287724E-04   0.1059546E-03   0.1640276E-03   0.2034775E-03   0.2574441E-03   0.5188404E-03   0.3312684E-03   0.3185634E-03   0.3243389E-03
-0.4863760E-03  -0.4459866E-03  -0.3948821E-03  -0.3778937E-03  -0.3098362E-03  -0.2796845E-03  -0.2419718E-03  -0.1746356E-03  -0.1330921E-03  -0.5464499E-04  -0.1121860E-04   0.4968132E-04   0.1178811E-03   0.1678295E-03   0.2209806E-03   0.2736856E-03   0.3312684E-03   0.5740449E-03   0.4074064E-03   0.3835432E-03
-0.5195874E-03  -0.4564757E-03  -0.4341675E-03  -0.3952605E-03  -0.3389549E-03  -0.2927901E-03  -0.2514047E-03  -0.1898027E-03  -0.1400870E-03  -0.7003396E-04  -0.2349177E-04   0.3390555E-04   0.1317118E-03   0.1857093E-03   0.2311859E-03   0.2715555E-03   0.3185634E-03   0.4074064E-03   0.6632669E-03   0.4439595E-03
-0.5162416E-03  -0.4747298E-03  -0.4399960E-03  -0.3906693E-03  -0.3456738E-03  -0.2970163E-03  -0.2646444E-03  -0.1879550E-03  -0.1344415E-03  -0.5792976E-04  -0.1950199E-04   0.4067916E-04   0.1224234E-03   0.1805530E-03   0.2391381E-03   0.2842184E-03   0.3243389E-03   0.3835432E-03   0.4439595E-03   0.6551353E-03
