0.7178358E-03   0.3354546E-03   0.2622038E-03   0.1907428E-03   0.1496439E-03   0.1167769E-03   0.7414365E-04   0.3614153E-04   0.6806262E-05  -0.1362023E-04  -0.5251382E-04  -0.7392679E-04  -0.9925737E-04  -0.1167589E-03  -0.1559594E-03  -0.1626798E-03  -0.1860097E-03  -0.1732148E-03  -0.1893843E-03  -0.2365328E-03  -0.2149564E-03
0.3354546E-03   0.4958700E-03   0.2395696E-03   0.1799250E-03   0.1358930E-03   0.1148278E-03   0.7377790E-04   0.5229443E-04   0.2290895E-04  -0.8160297E-05  -0.2990255E-04  -0.6196354E-04  -0.9191633E-04  -0.1036172E-03  -0.1252966E-03  -0.1335788E-03  -0.1658051E-03  -0.1590358E-03  -0.1846084E-03  -0.2051125E-03  -0.1968765E-03
0.2622038E-03   0.2395696E-03   0.4781751E-03   0.1856309E-03   0.1382338E-03   0.1224094E-03   0.7109215E-04   0.4453001E-04   0.2034301E-04  -0.1274661E-04  -0.3415073E-04  -0.5413281E-04  -0.8008075E-04  -0.9985048E-04  -0.1294869E-03  -0.1289869E-03  -0.1481973E-03  -0.1571291E-03  -0.1682392E-03  -0.1843218E-03  -0.1905275E-03
0.1907428E-03   0.1799250E-03   0.1856309E-03   0.4018724E-03   0.1403665E-03   0.1039112E-03   0.7609213E-04   0.4904922E-04   0.1788946E-04  -0.1197146E-04  -0.2606028E-04  -0.4872491E-04  -0.6966363E-04  -0.8502895E-04  -0.1127228E-03  -0.1177427E-03  -0.1359266E-03  -0.1402119E-03  -0.1496896E-03  -0.1574162E-03  -0.1453524E-03
0.1496439E-03   0.1358930E-03   0.1382338E-03   0.1403665E-03   0.3322203E-03   0.1075546E-03   0.7882486E-04   0.5200182E-04   0.4343778E-04  -0.7066852E-05  -0.1573057E-04  -0.4206411E-04  -0.5054787E-04  -0.6580891E-04  -0.8992939E-04  -0.9752744E-04  -0.1221540E-03  -0.1224316E-03  -0.1347852E-03  -0.1465820E-03  -0.1427542E-03
0.1167769E-03   0.1148278E-03   0.1224094E-03   0.1039112E-03   0.1075546E-03   0.3362595E-03   0.7844737E-04   0.4513600E-04   0.3529495E-04   0.3434156E-05  -0.2604961E-04  -0.3981347E-04  -0.5203514E-04  -0.5509694E-04  -0.8498909E-04  -0.8740479E-04  -0.1035481E-03  -0.1102050E-03  -0.1237041E-03  -0.1247149E-03  -0.1358138E-03
0.7414365E-04   0.7377790E-04   0.7109215E-04   0.7609213E-04   0.7882486E-04   0.7844737E-04   0.3025818E-03   0.5103953E-04   0.3134528E-04   0.2199321E-04   0.5823968E-05  -0.1645909E-04  -0.4190608E-04  -0.5218272E-04  -0.6905550E-04  -0.6903842E-04  -0.8117909E-04  -0.9638305E-04  -0.1055219E-03  -0.1032981E-03  -0.1170630E-03
0.3614153E-04   0.5229443E-04   0.4453001E-04   0.4904922E-04   0.5200182E-04   0.4513600E-04   0.5103953E-04   0.2816246E-03   0.4206409E-04   0.1429470E-04   0.6438663E-05  -0.1637073E-04  -0.1988106E-04  -0.3304206E-04  -0.5046197E-04  -0.4774699E-04  -0.7793115E-04  -0.7748668E-04  -0.8172629E-04  -0.9336103E-04  -0.8928147E-04
0.6806262E-05   0.2290895E-04   0.2034301E-04   0.1788946E-04   0.4343778E-04   0.3529495E-04   0.3134528E-04   0.4206409E-04   0.2646203E-03   0.1839859E-04   0.9656703E-05  -0.8717407E-05  -0.5084589E-05  -0.2117462E-04  -0.3566594E-04  -0.3768288E-04  -0.5518524E-04  -0.6253621E-04  -0.6224889E-04  -0.6975575E-04  -0.7463118E-04
-0.1362023E-04  -0.8160297E-05  -0.1274661E-04  -0.1197146E-04  -0.7066852E-05   0.3434156E-05   0.2199321E-04   0.1429470E-04   0.1839859E-04   0.2551930E-03   0.3061086E-04   0.2846359E-05  -0.4377073E-05  -0.1530233E-04  -0.1241946E-04  -0.2733643E-04  -0.2066399E-04  -0.4209061E-04  -0.4045576E-04  -0.5026612E-04  -0.3833362E-04
-0.5251382E-04  -0.2990255E-04  -0.3415073E-04  -0.2606028E-04  -0.1573057E-04  -0.2604961E-04   0.5823968E-05   0.6438663E-05   0.9656703E-05   0.3061086E-04   0.2481717E-03   0.2037044E-04   0.1106004E-04   0.3068223E-05   0.1792877E-05  -0.1394389E-04  -0.9781882E-05  -0.2467326E-04  -0.2337826E-04  -0.2530420E-04  -0.2492645E-04
-0.7392679E-04  -0.6196354E-04  -0.5413281E-04  -0.4872491E-04  -0.4206411E-04  -0.3981347E-04  -0.1645909E-04  -0.1637073E-04  -0.8717407E-05   0.2846359E-05   0.2037044E-04   0.2282125E-03   0.3570335E-04   0.1182910E-04   0.1631122E-04   0.6595778E-05   0.1360612E-04   0.6712573E-05   0.1165540E-04   0.8817406E-05   0.3227506E-05
-0.9925737E-04  -0.9191633E-04  -0.8008075E-04  -0.6966363E-04  -0.5054787E-04  -0.5203514E-04  -0.4190608E-04  -0.1988106E-04  -0.5084589E-05  -0.4377073E-05   0.1106004E-04   0.3570335E-04   0.2821417E-03   0.2742787E-04   0.2404192E-04   0.2847282E-04   0.2023327E-04   0.1848028E-04   0.1646833E-04   0.1950433E-04   0.2449366E-04
-0.1167589E-03  -0.1036172E-03  -0.9985048E-04  -0.8502895E-04  -0.6580891E-04  -0.5509694E-04  -0.5218272E-04  -0.3304206E-04  -0.2117462E-04  -0.1530233E-04   0.3068223E-05   0.1182910E-04   0.2742787E-04   0.2663954E-03   0.4789348E-04   0.4055932E-04   0.3254269E-04   0.4545884E-04   0.4216529E-04   0.4873794E-04   0.4352167E-04
-0.1559594E-03  -0.1252966E-03  -0.1294869E-03  -0.1127228E-03  -0.8992939E-04  -0.8498909E-04  -0.6905550E-04  -0.5046197E-04  -0.3566594E-04  -0.1241946E-04   0.1792877E-05   0.1631122E-04   0.2404192E-04   0.4789348E-04   0.2951911E-03   0.6551632E-04   0.5805525E-04   0.7553070E-04   0.7189792E-04   0.6743707E-04   0.6168118E-04
-0.1626798E-03  -0.1335788E-03  -0.1289869E-03  -0.1177427E-03  -0.9752744E-04  -0.8740479E-04  -0.6903842E-04  -0.4774699E-04  -0.3768288E-04  -0.2733643E-04  -0.1394389E-04   0.6595778E-05   0.2847282E-04   0.4055932E-04   0.6551632E-04   0.2657290E-03   0.9126221E-04   0.7538560E-04   0.8481515E-04   0.8626734E-04   0.8640447E-04
-0.1860097E-03  -0.1658051E-03  -0.1481973E-03  -0.1359266E-03  -0.1221540E-03  -0.1035481E-03  -0.8117909E-04  -0.7793115E-04  -0.5518524E-04  -0.2066399E-04  -0.9781882E-05   0.1360612E-04   0.2023327E-04   0.3254269E-04   0.5805525E-04   0.9126221E-04   0.3340589E-03   0.1000688E-03   0.1038819E-03   0.1218758E-03   0.1181965E-03
-0.1732148E-03  -0.1590358E-03  -0.1571291E-03  -0.1402119E-03  -0.1224316E-03  -0.1102050E-03  -0.9638305E-04  -0.7748668E-04  -0.6253621E-04  -0.4209061E-04  -0.2467326E-04   0.6712573E-05   0.1848028E-04   0.4545884E-04   0.7553070E-04   0.7538560E-04   0.1000688E-03   0.3389329E-03   0.1289764E-03   0.1290137E-03   0.1209744E-03
-0.1893843E-03  -0.1846084E-03  -0.1682392E-03  -0.1496896E-03  -0.1347852E-03  -0.1237041E-03  -0.1055219E-03  -0.8172629E-04  -0.6224889E-04  -0.4045576E-04  -0.2337826E-04   0.1165540E-04   0.1646833E-04   0.4216529E-04   0.7189792E-04   0.8481515E-04   0.1038819E-03   0.1289764E-03   0.3424293E-03   0.1586303E-03   0.1434698E-03
-0.2365328E-03  -0.2051125E-03  -0.1843218E-03  -0.1574162E-03  -0.1465820E-03  -0.1247149E-03  -0.1032981E-03  -0.9336103E-04  -0.6975575E-04  -0.5026612E-04  -0.2530420E-04   0.8817406E-05   0.1950433E-04   0.4873794E-04   0.6743707E-04   0.8626734E-04   0.1218758E-03   0.1290137E-03   0.1586303E-03   0.4065930E-03   0.1811671E-03
-0.2149564E-03  -0.1968765E-03  -0.1905275E-03  -0.1453524E-03  -0.1427542E-03  -0.1358138E-03  -0.1170630E-03  -0.8928147E-04  -0.7463118E-04  -0.3833362E-04  -0.2492645E-04   0.3227506E-05   0.2449366E-04   0.4352167E-04   0.6168118E-04   0.8640447E-04   0.1181965E-03   0.1209744E-03   0.1434698E-03   0.1811671E-03   0.4101553E-03
