0.1406060E-02   0.8522331E-03   0.6697266E-03   0.5253043E-03   0.4275879E-03   0.3119798E-03   0.2148050E-03   0.1081489E-03   0.3257538E-04  -0.3934912E-04  -0.1225096E-03  -0.1660408E-03  -0.2466342E-03  -0.3253002E-03  -0.3464717E-03  -0.3960457E-03  -0.4297439E-03  -0.4548911E-03  -0.4951649E-03  -0.5217619E-03  -0.5170230E-03
0.8522331E-03   0.9989615E-03   0.6267126E-03   0.4994620E-03   0.4041166E-03   0.2900956E-03   0.2197866E-03   0.1231464E-03   0.3999173E-04  -0.5571780E-05  -0.9089355E-04  -0.1402085E-03  -0.2133989E-03  -0.2743321E-03  -0.3153777E-03  -0.3656016E-03  -0.3891430E-03  -0.4079123E-03  -0.4537509E-03  -0.4708925E-03  -0.4804099E-03
0.6697266E-03   0.6267126E-03   0.8539024E-03   0.4735552E-03   0.4085811E-03   0.2976164E-03   0.2278623E-03   0.1309236E-03   0.5227855E-04  -0.8062039E-05  -0.7254693E-04  -0.1219650E-03  -0.1854077E-03  -0.2536238E-03  -0.2924614E-03  -0.3390410E-03  -0.3628410E-03  -0.3730482E-03  -0.4121030E-03  -0.4332970E-03  -0.4522407E-03
0.5253043E-03   0.4994620E-03   0.4735552E-03   0.7034429E-03   0.3691944E-03   0.2774610E-03   0.2243148E-03   0.1414511E-03   0.6637402E-04   0.1887091E-04  -0.4848926E-04  -0.9646574E-04  -0.1608458E-03  -0.2117898E-03  -0.2583095E-03  -0.2962685E-03  -0.3184095E-03  -0.3408256E-03  -0.3834675E-03  -0.3993553E-03  -0.3985902E-03
0.4275879E-03   0.4041166E-03   0.4085811E-03   0.3691944E-03   0.5577918E-03   0.2551793E-03   0.2139883E-03   0.1352971E-03   0.7780330E-04   0.1625917E-04  -0.3703219E-04  -0.7634187E-04  -0.1269463E-03  -0.1842134E-03  -0.2022763E-03  -0.2523536E-03  -0.2749091E-03  -0.3087298E-03  -0.3369653E-03  -0.3543369E-03  -0.3566697E-03
0.3119798E-03   0.2900956E-03   0.2976164E-03   0.2774610E-03   0.2551793E-03   0.5013331E-03   0.2087889E-03   0.1410373E-03   0.9021378E-04   0.2800926E-04  -0.2196596E-04  -0.5631313E-04  -0.1028197E-03  -0.1485322E-03  -0.1624975E-03  -0.2088098E-03  -0.2358324E-03  -0.2584303E-03  -0.2872795E-03  -0.2998267E-03  -0.3053745E-03
0.2148050E-03   0.2197866E-03   0.2278623E-03   0.2243148E-03   0.2139883E-03   0.2087889E-03   0.4682086E-03   0.1654870E-03   0.9911387E-04   0.5910655E-04  -0.2899482E-05  -0.2699084E-04  -0.6517008E-04  -0.1260568E-03  -0.1536007E-03  -0.1892300E-03  -0.2123196E-03  -0.2391072E-03  -0.2541501E-03  -0.2717254E-03  -0.2838470E-03
0.1081489E-03   0.1231464E-03   0.1309236E-03   0.1414511E-03   0.1352971E-03   0.1410373E-03   0.1654870E-03   0.3933052E-03   0.1082762E-03   0.5502824E-04   0.2376919E-04  -0.3054837E-05  -0.4103778E-04  -0.7309973E-04  -0.9714877E-04  -0.1305413E-03  -0.1555326E-03  -0.1785528E-03  -0.2049267E-03  -0.2159523E-03  -0.2071791E-03
0.3257538E-04   0.3999173E-04   0.5227855E-04   0.6637402E-04   0.7780330E-04   0.9021378E-04   0.9911387E-04   0.1082762E-03   0.3175178E-03   0.8358782E-04   0.5078468E-04   0.1534913E-04  -0.7369654E-05  -0.4293049E-04  -0.6883026E-04  -0.8069576E-04  -0.1060836E-03  -0.1218677E-03  -0.1475733E-03  -0.1524168E-03  -0.1489252E-03
-0.3934912E-04  -0.5571780E-05  -0.8062039E-05   0.1887091E-04   0.1625917E-04   0.2800926E-04   0.5910655E-04   0.5502824E-04   0.8358782E-04   0.3141868E-03   0.6892123E-04   0.2820620E-04   0.8270359E-05  -0.1154293E-04  -0.2994446E-04  -0.5162981E-04  -0.6516694E-04  -0.7665853E-04  -0.8565577E-04  -0.1054226E-03  -0.9904881E-04
-0.1225096E-03  -0.9089355E-04  -0.7254693E-04  -0.4848926E-04  -0.3703219E-04  -0.2196596E-04  -0.2899482E-05   0.2376919E-04   0.5078468E-04   0.6892123E-04   0.3099451E-03   0.6322255E-04   0.3647025E-04   0.1960018E-04   0.6175575E-05  -0.1545095E-05  -0.1263007E-04  -0.1607769E-04  -0.3656262E-04  -0.4463254E-04  -0.3167148E-04
-0.1660408E-03  -0.1402085E-03  -0.1219650E-03  -0.9646574E-04  -0.7634187E-04  -0.5631313E-04  -0.2699084E-04  -0.3054837E-05   0.1534913E-04   0.2820620E-04   0.6322255E-04   0.2728502E-03   0.8247768E-04   0.5016644E-04   0.5372723E-04   0.4251238E-04   0.2379073E-04   0.2449554E-04   0.1355973E-04   0.3775563E-05   0.9505000E-05
-0.2466342E-03  -0.2133989E-03  -0.1854077E-03  -0.1608458E-03  -0.1269463E-03  -0.1028197E-03  -0.6517008E-04  -0.4103778E-04  -0.7369654E-05   0.8270359E-05   0.3647025E-04   0.8247768E-04   0.3197656E-03   0.9736713E-04   0.7415345E-04   0.8288343E-04   0.7560252E-04   0.8456573E-04   0.8160684E-04   0.7023150E-04   0.7005494E-04
-0.3253002E-03  -0.2743321E-03  -0.2536238E-03  -0.2117898E-03  -0.1842134E-03  -0.1485322E-03  -0.1260568E-03  -0.7309973E-04  -0.4293049E-04  -0.1154293E-04   0.1960018E-04   0.5016644E-04   0.9736713E-04   0.3571772E-03   0.1385474E-03   0.1467838E-03   0.1235487E-03   0.1270851E-03   0.1378575E-03   0.1538970E-03   0.1531445E-03
-0.3464717E-03  -0.3153777E-03  -0.2924614E-03  -0.2583095E-03  -0.2022763E-03  -0.1624975E-03  -0.1536007E-03  -0.9714877E-04  -0.6883026E-04  -0.2994446E-04   0.6175575E-05   0.5372723E-04   0.7415345E-04   0.1385474E-03   0.3897397E-03   0.1852015E-03   0.1698162E-03   0.1789865E-03   0.1805656E-03   0.1947047E-03   0.1831824E-03
-0.3960457E-03  -0.3656016E-03  -0.3390410E-03  -0.2962685E-03  -0.2523536E-03  -0.2088098E-03  -0.1892300E-03  -0.1305413E-03  -0.8069576E-04  -0.5162981E-04  -0.1545095E-05   0.4251238E-04   0.8288343E-04   0.1467838E-03   0.1852015E-03   0.4206702E-03   0.2394315E-03   0.2203838E-03   0.2381453E-03   0.2461909E-03   0.2546636E-03
-0.4297439E-03  -0.3891430E-03  -0.3628410E-03  -0.3184095E-03  -0.2749091E-03  -0.2358324E-03  -0.2123196E-03  -0.1555326E-03  -0.1060836E-03  -0.6516694E-04  -0.1263007E-04   0.2379073E-04   0.7560252E-04   0.1235487E-03   0.1698162E-03   0.2394315E-03   0.4716367E-03   0.2773460E-03   0.2952166E-03   0.2973711E-03   0.2950996E-03
-0.4548911E-03  -0.4079123E-03  -0.3730482E-03  -0.3408256E-03  -0.3087298E-03  -0.2584303E-03  -0.2391072E-03  -0.1785528E-03  -0.1218677E-03  -0.7665853E-04  -0.1607769E-04   0.2449554E-04   0.8456573E-04   0.1270851E-03   0.1789865E-03   0.2203838E-03   0.2773460E-03   0.5333203E-03   0.3451136E-03   0.3228510E-03   0.3287777E-03
-0.4951649E-03  -0.4537509E-03  -0.4121030E-03  -0.3834675E-03  -0.3369653E-03  -0.2872795E-03  -0.2541501E-03  -0.2049267E-03  -0.1475733E-03  -0.8565577E-04  -0.3656262E-04   0.1355973E-04   0.8160684E-04   0.1378575E-03   0.1805656E-03   0.2381453E-03   0.2952166E-03   0.3451136E-03   0.5979532E-03   0.4216298E-03   0.3877473E-03
-0.5217619E-03  -0.4708925E-03  -0.4332970E-03  -0.3993553E-03  -0.3543369E-03  -0.2998267E-03  -0.2717254E-03  -0.2159523E-03  -0.1524168E-03  -0.1054226E-03  -0.4463254E-04   0.3775563E-05   0.7023150E-04   0.1538970E-03   0.1947047E-03   0.2461909E-03   0.2973711E-03   0.3228510E-03   0.4216298E-03   0.6686551E-03   0.4570766E-03
-0.5170230E-03  -0.4804099E-03  -0.4522407E-03  -0.3985902E-03  -0.3566697E-03  -0.3053745E-03  -0.2838470E-03  -0.2071791E-03  -0.1489252E-03  -0.9904881E-04  -0.3167148E-04   0.9505000E-05   0.7005494E-04   0.1531445E-03   0.1831824E-03   0.2546636E-03   0.2950996E-03   0.3287777E-03   0.3877473E-03   0.4570766E-03   0.6861315E-03
