0.7310789E-03   0.4203620E-03   0.3450150E-03   0.2658793E-03   0.2111491E-03   0.1489310E-03   0.9488534E-04   0.5784234E-04   0.1992294E-04  -0.2421215E-04  -0.5931775E-04  -0.9893912E-04  -0.1135326E-03  -0.1541358E-03  -0.1675684E-03  -0.1945566E-03  -0.2233235E-03  -0.2343238E-03  -0.2476815E-03  -0.2703018E-03  -0.2534306E-03
0.4203620E-03   0.5085478E-03   0.3212217E-03   0.2454308E-03   0.1984625E-03   0.1532897E-03   0.9837741E-04   0.6603434E-04   0.2587284E-04  -0.1816982E-04  -0.4115785E-04  -0.8459276E-04  -0.1038312E-03  -0.1342653E-03  -0.1553386E-03  -0.1766000E-03  -0.1899410E-03  -0.2082687E-03  -0.2152753E-03  -0.2417709E-03  -0.2371587E-03
0.3450150E-03   0.3212217E-03   0.4505515E-03   0.2408537E-03   0.1970386E-03   0.1458428E-03   0.9895069E-04   0.7554335E-04   0.2918018E-04  -0.6953326E-05  -0.4997547E-04  -0.6946099E-04  -0.9137566E-04  -0.1179752E-03  -0.1474227E-03  -0.1589813E-03  -0.1845803E-03  -0.2062341E-03  -0.2049020E-03  -0.2257636E-03  -0.2248167E-03
0.2658793E-03   0.2454308E-03   0.2408537E-03   0.3679797E-03   0.1778699E-03   0.1399362E-03   0.9723922E-04   0.6938030E-04   0.3237997E-04   0.4120739E-05  -0.3525270E-04  -0.5904314E-04  -0.7638254E-04  -0.1055459E-03  -0.1241323E-03  -0.1397255E-03  -0.1545519E-03  -0.1712508E-03  -0.1809958E-03  -0.2034094E-03  -0.1914193E-03
0.2111491E-03   0.1984625E-03   0.1970386E-03   0.1778699E-03   0.2977596E-03   0.1369874E-03   0.9849998E-04   0.7742231E-04   0.4840098E-04   0.1426825E-04  -0.1678070E-04  -0.4599592E-04  -0.7195198E-04  -0.8893021E-04  -0.1162195E-03  -0.1298602E-03  -0.1417468E-03  -0.1536875E-03  -0.1633690E-03  -0.1847591E-03  -0.1666060E-03
0.1489310E-03   0.1532897E-03   0.1458428E-03   0.1399362E-03   0.1369874E-03   0.2763020E-03   0.1049613E-03   0.7693367E-04   0.4955211E-04   0.2153309E-04  -0.9051286E-05  -0.3129640E-04  -0.4973225E-04  -0.7021163E-04  -0.9455862E-04  -0.1081191E-03  -0.1289788E-03  -0.1347109E-03  -0.1434636E-03  -0.1632880E-03  -0.1543913E-03
0.9488534E-04   0.9837741E-04   0.9895069E-04   0.9723922E-04   0.9849998E-04   0.1049613E-03   0.2406831E-03   0.6992734E-04   0.4811565E-04   0.2481036E-04   0.1654727E-05  -0.1897600E-04  -0.3213360E-04  -0.5632547E-04  -0.7291713E-04  -0.8553324E-04  -0.1038637E-03  -0.1065849E-03  -0.1148919E-03  -0.1358856E-03  -0.1226879E-03
0.5784234E-04   0.6603434E-04   0.7554335E-04   0.6938030E-04   0.7742231E-04   0.7693367E-04   0.6992734E-04   0.2259579E-03   0.5620796E-04   0.2372905E-04   0.1045429E-04  -0.4866912E-05  -0.1997268E-04  -0.4938330E-04  -0.5552899E-04  -0.6629653E-04  -0.8230093E-04  -0.9126564E-04  -0.1064773E-03  -0.1072461E-03  -0.1123192E-03
0.1992294E-04   0.2587284E-04   0.2918018E-04   0.3237997E-04   0.4840098E-04   0.4955211E-04   0.4811565E-04   0.5620796E-04   0.1943052E-03   0.4299608E-04   0.2100969E-04   0.4349042E-05  -0.1620184E-05  -0.2942581E-04  -0.3652678E-04  -0.4733296E-04  -0.6047579E-04  -0.6675317E-04  -0.7144328E-04  -0.8255062E-04  -0.8431286E-04
-0.2421215E-04  -0.1816982E-04  -0.6953326E-05   0.4120739E-05   0.1426825E-04   0.2153309E-04   0.2481036E-04   0.2372905E-04   0.4299608E-04   0.1825372E-03   0.2570921E-04   0.2177753E-04   0.5832409E-05  -0.3637358E-05  -0.2072409E-04  -0.2271406E-04  -0.2862922E-04  -0.3613336E-04  -0.4462352E-04  -0.5604173E-04  -0.4924006E-04
-0.5931775E-04  -0.4115785E-04  -0.4997547E-04  -0.3525270E-04  -0.1678070E-04  -0.9051286E-05   0.1654727E-05   0.1045429E-04   0.2100969E-04   0.2570921E-04   0.1834013E-03   0.3333244E-04   0.6686232E-05   0.1103764E-04   0.1009467E-04   0.4228779E-06  -0.1975680E-05  -0.6823474E-05  -0.1364736E-04  -0.2359270E-04  -0.2320120E-04
-0.9893912E-04  -0.8459276E-04  -0.6946099E-04  -0.5904314E-04  -0.4599592E-04  -0.3129640E-04  -0.1897600E-04  -0.4866912E-05   0.4349042E-05   0.2177753E-04   0.3333244E-04   0.1664187E-03   0.4392773E-04   0.3081124E-04   0.2909507E-04   0.2375455E-04   0.1650272E-04   0.1481064E-04   0.1223936E-04   0.1082822E-04   0.3227611E-05
-0.1135326E-03  -0.1038312E-03  -0.9137566E-04  -0.7638254E-04  -0.7195198E-04  -0.4973225E-04  -0.3213360E-04  -0.1997268E-04  -0.1620184E-05   0.5832409E-05   0.6686232E-05   0.4392773E-04   0.1955496E-03   0.4980844E-04   0.4148428E-04   0.3440398E-04   0.4047443E-04   0.3584750E-04   0.2991528E-04   0.3093602E-04   0.1802421E-04
-0.1541358E-03  -0.1342653E-03  -0.1179752E-03  -0.1055459E-03  -0.8893021E-04  -0.7021163E-04  -0.5632547E-04  -0.4938330E-04  -0.2942581E-04  -0.3637358E-05   0.1103764E-04   0.3081124E-04   0.4980844E-04   0.2104957E-03   0.6177538E-04   0.6115528E-04   0.5744182E-04   0.6352992E-04   0.6566271E-04   0.6889892E-04   0.6586534E-04
-0.1675684E-03  -0.1553386E-03  -0.1474227E-03  -0.1241323E-03  -0.1162195E-03  -0.9455862E-04  -0.7291713E-04  -0.5552899E-04  -0.3652678E-04  -0.2072409E-04   0.1009467E-04   0.2909507E-04   0.4148428E-04   0.6177538E-04   0.2287936E-03   0.8721939E-04   0.8083262E-04   0.8950007E-04   0.9374733E-04   0.9382645E-04   0.8728959E-04
-0.1945566E-03  -0.1766000E-03  -0.1589813E-03  -0.1397255E-03  -0.1298602E-03  -0.1081191E-03  -0.8553324E-04  -0.6629653E-04  -0.4733296E-04  -0.2271406E-04   0.4228779E-06   0.2375455E-04   0.3440398E-04   0.6115528E-04   0.8721939E-04   0.2230787E-03   0.1127185E-03   0.1018654E-03   0.1189185E-03   0.1237853E-03   0.1159172E-03
-0.2233235E-03  -0.1899410E-03  -0.1845803E-03  -0.1545519E-03  -0.1417468E-03  -0.1289788E-03  -0.1038637E-03  -0.8230093E-04  -0.6047579E-04  -0.2862922E-04  -0.1975680E-05   0.1650272E-04   0.4047443E-04   0.5744182E-04   0.8083262E-04   0.1127185E-03   0.2811254E-03   0.1316632E-03   0.1330136E-03   0.1539396E-03   0.1440978E-03
-0.2343238E-03  -0.2082687E-03  -0.2062341E-03  -0.1712508E-03  -0.1536875E-03  -0.1347109E-03  -0.1065849E-03  -0.9126564E-04  -0.6675317E-04  -0.3613336E-04  -0.6823474E-05   0.1481064E-04   0.3584750E-04   0.6352992E-04   0.8950007E-04   0.1018654E-03   0.1316632E-03   0.2998152E-03   0.1620329E-03   0.1794524E-03   0.1668659E-03
-0.2476815E-03  -0.2152753E-03  -0.2049020E-03  -0.1809958E-03  -0.1633690E-03  -0.1434636E-03  -0.1148919E-03  -0.1064773E-03  -0.7144328E-04  -0.4462352E-04  -0.1364736E-04   0.1223936E-04   0.2991528E-04   0.6566271E-04   0.9374733E-04   0.1189185E-03   0.1330136E-03   0.1620329E-03   0.3055657E-03   0.2007647E-03   0.1886679E-03
-0.2703018E-03  -0.2417709E-03  -0.2257636E-03  -0.2034094E-03  -0.1847591E-03  -0.1632880E-03  -0.1358856E-03  -0.1072461E-03  -0.8255062E-04  -0.5604173E-04  -0.2359270E-04   0.1082822E-04   0.3093602E-04   0.6889892E-04   0.9382645E-04   0.1237853E-03   0.1539396E-03   0.1794524E-03   0.2007647E-03   0.3735970E-03   0.2276647E-03
-0.2534306E-03  -0.2371587E-03  -0.2248167E-03  -0.1914193E-03  -0.1666060E-03  -0.1543913E-03  -0.1226879E-03  -0.1123192E-03  -0.8431286E-04  -0.4924006E-04  -0.2320120E-04   0.3227611E-05   0.1802421E-04   0.6586534E-04   0.8728959E-04   0.1159172E-03   0.1440978E-03   0.1668659E-03   0.1886679E-03   0.2276647E-03   0.3680654E-03
