0.1269301E-02   0.6989122E-03   0.5216330E-03   0.4010662E-03   0.3169089E-03   0.2232189E-03   0.1499683E-03   0.1113252E-03   0.2719679E-04  -0.3698787E-04  -0.1201152E-03  -0.1484306E-03  -0.1980833E-03  -0.2456141E-03  -0.2687323E-03  -0.3280759E-03  -0.3553822E-03  -0.3835058E-03  -0.3906926E-03  -0.4089730E-03  -0.4199848E-03
0.6989122E-03   0.9228138E-03   0.5042191E-03   0.4056198E-03   0.3271537E-03   0.2135193E-03   0.1592291E-03   0.1214008E-03   0.4649846E-04  -0.1745261E-04  -0.9830017E-04  -0.1451065E-03  -0.1700799E-03  -0.2188236E-03  -0.2529052E-03  -0.3031614E-03  -0.3141728E-03  -0.3524997E-03  -0.3611369E-03  -0.3801780E-03  -0.3982523E-03
0.5216330E-03   0.5042191E-03   0.7703566E-03   0.3706361E-03   0.3087446E-03   0.2118476E-03   0.1634892E-03   0.1138128E-03   0.4967026E-04  -0.2435717E-04  -0.9193982E-04  -0.1070173E-03  -0.1460636E-03  -0.2066637E-03  -0.2522339E-03  -0.2609539E-03  -0.2845418E-03  -0.3100239E-03  -0.3260459E-03  -0.3407146E-03  -0.3265943E-03
0.4010662E-03   0.4056198E-03   0.3706361E-03   0.6696244E-03   0.2932062E-03   0.1991219E-03   0.1478663E-03   0.1114705E-03   0.6009379E-04  -0.1189308E-05  -0.7246717E-04  -0.9126832E-04  -0.1289396E-03  -0.1613839E-03  -0.2141807E-03  -0.2380159E-03  -0.2656781E-03  -0.2733713E-03  -0.2953961E-03  -0.3099986E-03  -0.2911795E-03
0.3169089E-03   0.3271537E-03   0.3087446E-03   0.2932062E-03   0.5340159E-03   0.2090707E-03   0.1670054E-03   0.1265237E-03   0.6281668E-04   0.1931011E-04  -0.5581268E-04  -0.7793749E-04  -0.1233546E-03  -0.1481129E-03  -0.1772809E-03  -0.2012205E-03  -0.2244124E-03  -0.2499958E-03  -0.2636393E-03  -0.2789472E-03  -0.2758086E-03
0.2232189E-03   0.2135193E-03   0.2118476E-03   0.1991219E-03   0.2090707E-03   0.4992627E-03   0.1640487E-03   0.1152385E-03   0.6211489E-04   0.3812316E-04  -0.1256729E-04  -0.4933933E-04  -0.9364867E-04  -0.1192061E-03  -0.1341611E-03  -0.1674756E-03  -0.2019115E-03  -0.2061205E-03  -0.2240756E-03  -0.2339684E-03  -0.2382674E-03
0.1499683E-03   0.1592291E-03   0.1634892E-03   0.1478663E-03   0.1670054E-03   0.1640487E-03   0.5028545E-03   0.1524582E-03   0.7037909E-04   0.3555053E-04  -0.8214487E-06  -0.3343230E-04  -0.6598525E-04  -0.9482576E-04  -0.1223582E-03  -0.1505133E-03  -0.1825062E-03  -0.1970038E-03  -0.2149975E-03  -0.2063535E-03  -0.2117243E-03
0.1113252E-03   0.1214008E-03   0.1138128E-03   0.1114705E-03   0.1265237E-03   0.1152385E-03   0.1524582E-03   0.4404802E-03   0.9146579E-04   0.4468426E-04   0.9677733E-05  -0.9717171E-05  -0.5816865E-04  -0.7660613E-04  -0.9920238E-04  -0.1306622E-03  -0.1458040E-03  -0.1556864E-03  -0.1843938E-03  -0.1952894E-03  -0.1903515E-03
0.2719679E-04   0.4649846E-04   0.4967026E-04   0.6009379E-04   0.6281668E-04   0.6211489E-04   0.7037909E-04   0.9146579E-04   0.3552646E-03   0.6677862E-04   0.3818836E-04   0.9352931E-05  -0.2652126E-04  -0.3874693E-04  -0.5717639E-04  -0.8307990E-04  -0.1090799E-03  -0.1123312E-03  -0.1043424E-03  -0.1307215E-03  -0.1355537E-03
-0.3698787E-04  -0.1745261E-04  -0.2435717E-04  -0.1189308E-05   0.1931011E-04   0.3812316E-04   0.3555053E-04   0.4468426E-04   0.6677862E-04   0.3876125E-03   0.6658159E-04   0.2645229E-04  -0.2653971E-05  -0.1842197E-04  -0.1496566E-04  -0.4274018E-04  -0.6034922E-04  -0.6269875E-04  -0.7871638E-04  -0.1000056E-03  -0.1095291E-03
-0.1201152E-03  -0.9830017E-04  -0.9193982E-04  -0.7246717E-04  -0.5581268E-04  -0.1256729E-04  -0.8214487E-06   0.9677733E-05   0.3818836E-04   0.6658159E-04   0.3693164E-03   0.4982752E-04   0.3270325E-04   0.2297878E-04   0.2009332E-04   0.2008753E-05  -0.1007668E-04  -0.9490182E-05  -0.2135845E-04  -0.4595999E-04  -0.4270761E-04
-0.1484306E-03  -0.1451065E-03  -0.1070173E-03  -0.9126832E-04  -0.7793749E-04  -0.4933933E-04  -0.3343230E-04  -0.9717171E-05   0.9352931E-05   0.2645229E-04   0.4982752E-04   0.3279588E-03   0.5870752E-04   0.4640231E-04   0.3985691E-04   0.3059116E-04   0.1456648E-04   0.2628846E-04   0.1091334E-04   0.2621430E-04   0.3698845E-05
-0.1980833E-03  -0.1700799E-03  -0.1460636E-03  -0.1289396E-03  -0.1233546E-03  -0.9364867E-04  -0.6598525E-04  -0.5816865E-04  -0.2652126E-04  -0.2653971E-05   0.3270325E-04   0.5870752E-04   0.3612619E-03   0.8174093E-04   0.6495906E-04   0.6307708E-04   0.6322144E-04   0.7109635E-04   0.5761692E-04   0.5353061E-04   0.5563429E-04
-0.2456141E-03  -0.2188236E-03  -0.2066637E-03  -0.1613839E-03  -0.1481129E-03  -0.1192061E-03  -0.9482576E-04  -0.7660613E-04  -0.3874693E-04  -0.1842197E-04   0.2297878E-04   0.4640231E-04   0.8174093E-04   0.3822419E-03   0.1053500E-03   0.1087070E-03   0.9432469E-04   0.9175654E-04   0.1003416E-03   0.9444059E-04   0.9637097E-04
-0.2687323E-03  -0.2529052E-03  -0.2522339E-03  -0.2141807E-03  -0.1772809E-03  -0.1341611E-03  -0.1223582E-03  -0.9920238E-04  -0.5717639E-04  -0.1496566E-04   0.2009332E-04   0.3985691E-04   0.6495906E-04   0.1053500E-03   0.4248224E-03   0.1377076E-03   0.1286922E-03   0.1353971E-03   0.1374184E-03   0.1357753E-03   0.1345829E-03
-0.3280759E-03  -0.3031614E-03  -0.2609539E-03  -0.2380159E-03  -0.2012205E-03  -0.1674756E-03  -0.1505133E-03  -0.1306622E-03  -0.8307990E-04  -0.4274018E-04   0.2008753E-05   0.3059116E-04   0.6307708E-04   0.1087070E-03   0.1377076E-03   0.4105835E-03   0.2013968E-03   0.1793635E-03   0.1870588E-03   0.1980581E-03   0.1947502E-03
-0.3553822E-03  -0.3141728E-03  -0.2845418E-03  -0.2656781E-03  -0.2244124E-03  -0.2019115E-03  -0.1825062E-03  -0.1458040E-03  -0.1090799E-03  -0.6034922E-04  -0.1007668E-04   0.1456648E-04   0.6322144E-04   0.9432469E-04   0.1286922E-03   0.2013968E-03   0.5097441E-03   0.2219266E-03   0.2199845E-03   0.2300891E-03   0.2296661E-03
-0.3835058E-03  -0.3524997E-03  -0.3100239E-03  -0.2733713E-03  -0.2499958E-03  -0.2061205E-03  -0.1970038E-03  -0.1556864E-03  -0.1123312E-03  -0.6269875E-04  -0.9490182E-05   0.2628846E-04   0.7109635E-04   0.9175654E-04   0.1353971E-03   0.1793635E-03   0.2219266E-03   0.5409943E-03   0.2703498E-03   0.2574314E-03   0.2504449E-03
-0.3906926E-03  -0.3611369E-03  -0.3260459E-03  -0.2953961E-03  -0.2636393E-03  -0.2240756E-03  -0.2149975E-03  -0.1843938E-03  -0.1043424E-03  -0.7871638E-04  -0.2135845E-04   0.1091334E-04   0.5761692E-04   0.1003416E-03   0.1374184E-03   0.1870588E-03   0.2199845E-03   0.2703498E-03   0.5526064E-03   0.3143366E-03   0.2900160E-03
-0.4089730E-03  -0.3801780E-03  -0.3407146E-03  -0.3099986E-03  -0.2789472E-03  -0.2339684E-03  -0.2063535E-03  -0.1952894E-03  -0.1307215E-03  -0.1000056E-03  -0.4595999E-04   0.2621430E-04   0.5353061E-04   0.9444059E-04   0.1357753E-03   0.1980581E-03   0.2300891E-03   0.2574314E-03   0.3143366E-03   0.6233392E-03   0.3498317E-03
-0.4199848E-03  -0.3982523E-03  -0.3265943E-03  -0.2911795E-03  -0.2758086E-03  -0.2382674E-03  -0.2117243E-03  -0.1903515E-03  -0.1355537E-03  -0.1095291E-03  -0.4270761E-04   0.3698845E-05   0.5563429E-04   0.9637097E-04   0.1345829E-03   0.1947502E-03   0.2296661E-03   0.2504449E-03   0.2900160E-03   0.3498317E-03   0.6568675E-03
