0.9065706E-03   0.4613276E-03   0.3628938E-03   0.2790928E-03   0.2116479E-03   0.1421343E-03   0.8953515E-04   0.5668700E-04   0.1345291E-04  -0.3103575E-04  -0.8703484E-04  -0.1077816E-03  -0.1299462E-03  -0.1644231E-03  -0.1804565E-03  -0.1982546E-03  -0.2548169E-03  -0.2573950E-03  -0.2675150E-03  -0.2801185E-03  -0.2804217E-03
0.4613276E-03   0.6438727E-03   0.3409426E-03   0.2705435E-03   0.2036699E-03   0.1472353E-03   0.1076155E-03   0.6977413E-04   0.2237617E-04  -0.2467748E-04  -0.7358559E-04  -0.9825501E-04  -0.1118207E-03  -0.1536584E-03  -0.1598119E-03  -0.1865589E-03  -0.2085195E-03  -0.2384542E-03  -0.2347690E-03  -0.2510891E-03  -0.2698951E-03
0.3628938E-03   0.3409426E-03   0.5898908E-03   0.2689901E-03   0.2026800E-03   0.1351964E-03   0.1002010E-03   0.7128936E-04   0.2353596E-04  -0.2164930E-04  -0.6991487E-04  -0.7951632E-04  -0.1059438E-03  -0.1319894E-03  -0.1749309E-03  -0.1634347E-03  -0.1899359E-03  -0.2177018E-03  -0.2193603E-03  -0.2345423E-03  -0.2434419E-03
0.2790928E-03   0.2705435E-03   0.2689901E-03   0.5218830E-03   0.1911606E-03   0.1286035E-03   0.8903683E-04   0.6046126E-04   0.3923737E-04  -0.1209232E-04  -0.5324576E-04  -0.7353352E-04  -0.8875036E-04  -0.1188248E-03  -0.1390754E-03  -0.1464460E-03  -0.1762547E-03  -0.1909592E-03  -0.1959969E-03  -0.2180659E-03  -0.2133136E-03
0.2116479E-03   0.2036699E-03   0.2026800E-03   0.1911606E-03   0.4066177E-03   0.1561831E-03   0.1098334E-03   0.9161490E-04   0.4213439E-04   0.8872899E-05  -0.2786954E-04  -0.5658616E-04  -0.8815728E-04  -0.1120428E-03  -0.1230917E-03  -0.1421662E-03  -0.1559079E-03  -0.1714737E-03  -0.1739191E-03  -0.1756674E-03  -0.1995576E-03
0.1421343E-03   0.1472353E-03   0.1351964E-03   0.1286035E-03   0.1561831E-03   0.4043695E-03   0.1132652E-03   0.7373135E-04   0.4349397E-04   0.2636094E-04   0.4854205E-05  -0.3263914E-04  -0.5966011E-04  -0.8252834E-04  -0.1068708E-03  -0.1150111E-03  -0.1363857E-03  -0.1633511E-03  -0.1615510E-03  -0.1695092E-03  -0.1740791E-03
0.8953515E-04   0.1076155E-03   0.1002010E-03   0.8903683E-04   0.1098334E-03   0.1132652E-03   0.3828839E-03   0.9933814E-04   0.5459845E-04   0.3233611E-04  -0.8556683E-05  -0.2470531E-04  -0.4954050E-04  -0.7929092E-04  -0.8335658E-04  -0.9443696E-04  -0.1321052E-03  -0.1446909E-03  -0.1347953E-03  -0.1377284E-03  -0.1411581E-03
0.5668700E-04   0.6977413E-04   0.7128936E-04   0.6046126E-04   0.9161490E-04   0.7373135E-04   0.9933814E-04   0.3480933E-03   0.6585508E-04   0.2697450E-04   0.4756905E-06  -0.1315932E-04  -0.3856834E-04  -0.5378240E-04  -0.6621808E-04  -0.8591174E-04  -0.9859722E-04  -0.1064742E-03  -0.1215977E-03  -0.1213507E-03  -0.1306258E-03
0.1345291E-04   0.2237617E-04   0.2353596E-04   0.3923737E-04   0.4213439E-04   0.4349397E-04   0.5459845E-04   0.6585508E-04   0.3002330E-03   0.4509181E-04   0.2249302E-04  -0.4006602E-05  -0.1057955E-04  -0.3054557E-04  -0.3941471E-04  -0.5868244E-04  -0.6967441E-04  -0.8083419E-04  -0.7971960E-04  -0.9025345E-04  -0.1084752E-03
-0.3103575E-04  -0.2467748E-04  -0.2164930E-04  -0.1209232E-04   0.8872899E-05   0.2636094E-04   0.3233611E-04   0.2697450E-04   0.4509181E-04   0.3041258E-03   0.3538614E-04   0.1430431E-04   0.2916303E-06  -0.3337634E-05  -0.1892779E-04  -0.3162050E-04  -0.4042930E-04  -0.5001256E-04  -0.5366515E-04  -0.6906671E-04  -0.6214894E-04
-0.8703484E-04  -0.7358559E-04  -0.6991487E-04  -0.5324576E-04  -0.2786954E-04   0.4854205E-05  -0.8556683E-05   0.4756905E-06   0.2249302E-04   0.3538614E-04   0.3029705E-03   0.3773473E-04   0.1871610E-04   0.6326328E-05   0.2150483E-04  -0.5854229E-05  -0.1318562E-04  -0.1128053E-04  -0.1414398E-04  -0.2285780E-04  -0.3852922E-04
-0.1077816E-03  -0.9825501E-04  -0.7951632E-04  -0.7353352E-04  -0.5658616E-04  -0.3263914E-04  -0.2470531E-04  -0.1315932E-04  -0.4006602E-05   0.1430431E-04   0.3773473E-04   0.2601040E-03   0.4495408E-04   0.3156300E-04   0.2919507E-04   0.1697528E-04   0.1188514E-04   0.1854023E-04   0.6045063E-05   0.1566505E-04   0.3911525E-05
-0.1299462E-03  -0.1118207E-03  -0.1059438E-03  -0.8875036E-04  -0.8815728E-04  -0.5966011E-04  -0.4954050E-04  -0.3856834E-04  -0.1057955E-04   0.2916303E-06   0.1871610E-04   0.4495408E-04   0.3014455E-03   0.7213857E-04   0.4387573E-04   0.2116226E-04   0.3899179E-04   0.3853347E-04   0.1580066E-04   0.2646406E-04   0.3304042E-04
-0.1644231E-03  -0.1536584E-03  -0.1319894E-03  -0.1188248E-03  -0.1120428E-03  -0.8252834E-04  -0.7929092E-04  -0.5378240E-04  -0.3054557E-04  -0.3337634E-05   0.6326328E-05   0.3156300E-04   0.7213857E-04   0.3312516E-03   0.6557612E-04   0.5664590E-04   0.6050028E-04   0.6137064E-04   0.6235030E-04   0.5384685E-04   0.5878021E-04
-0.1804565E-03  -0.1598119E-03  -0.1749309E-03  -0.1390754E-03  -0.1230917E-03  -0.1068708E-03  -0.8335658E-04  -0.6621808E-04  -0.3941471E-04  -0.1892779E-04   0.2150483E-04   0.2919507E-04   0.4387573E-04   0.6557612E-04   0.3392037E-03   0.7826577E-04   0.8684723E-04   0.8749363E-04   0.8359032E-04   0.8163307E-04   0.9542590E-04
-0.1982546E-03  -0.1865589E-03  -0.1634347E-03  -0.1464460E-03  -0.1421662E-03  -0.1150111E-03  -0.9443696E-04  -0.8591174E-04  -0.5868244E-04  -0.3162050E-04  -0.5854229E-05   0.1697528E-04   0.2116226E-04   0.5664590E-04   0.7826577E-04   0.3170260E-03   0.1229936E-03   0.1059653E-03   0.1205892E-03   0.1288717E-03   0.1311277E-03
-0.2548169E-03  -0.2085195E-03  -0.1899359E-03  -0.1762547E-03  -0.1559079E-03  -0.1363857E-03  -0.1321052E-03  -0.9859722E-04  -0.6967441E-04  -0.4042930E-04  -0.1318562E-04   0.1188514E-04   0.3899179E-04   0.6050028E-04   0.8684723E-04   0.1229936E-03   0.4018643E-03   0.1560798E-03   0.1475668E-03   0.1375546E-03   0.1495236E-03
-0.2573950E-03  -0.2384542E-03  -0.2177018E-03  -0.1909592E-03  -0.1714737E-03  -0.1633511E-03  -0.1446909E-03  -0.1064742E-03  -0.8083419E-04  -0.5001256E-04  -0.1128053E-04   0.1854023E-04   0.3853347E-04   0.6137064E-04   0.8749363E-04   0.1059653E-03   0.1560798E-03   0.4289511E-03   0.1875932E-03   0.1880985E-03   0.1709026E-03
-0.2675150E-03  -0.2347690E-03  -0.2193603E-03  -0.1959969E-03  -0.1739191E-03  -0.1615510E-03  -0.1347953E-03  -0.1215977E-03  -0.7971960E-04  -0.5366515E-04  -0.1414398E-04   0.6045063E-05   0.1580066E-04   0.6235030E-04   0.8359032E-04   0.1205892E-03   0.1475668E-03   0.1875932E-03   0.4151054E-03   0.2030805E-03   0.1996693E-03
-0.2801185E-03  -0.2510891E-03  -0.2345423E-03  -0.2180659E-03  -0.1756674E-03  -0.1695092E-03  -0.1377284E-03  -0.1213507E-03  -0.9025345E-04  -0.6906671E-04  -0.2285780E-04   0.1566505E-04   0.2646406E-04   0.5384685E-04   0.8163307E-04   0.1288717E-03   0.1375546E-03   0.1880985E-03   0.2030805E-03   0.4677048E-03   0.2406975E-03
-0.2804217E-03  -0.2698951E-03  -0.2434419E-03  -0.2133136E-03  -0.1995576E-03  -0.1740791E-03  -0.1411581E-03  -0.1306258E-03  -0.1084752E-03  -0.6214894E-04  -0.3852922E-04   0.3911525E-05   0.3304042E-04   0.5878021E-04   0.9542590E-04   0.1311277E-03   0.1495236E-03   0.1709026E-03   0.1996693E-03   0.2406975E-03   0.5151578E-03
