0.9067846E-03   0.4720830E-03   0.3685085E-03   0.3032208E-03   0.2341918E-03   0.1579295E-03   0.1148520E-03   0.5910658E-04   0.8848402E-05  -0.1548114E-05  -0.6515154E-04  -0.9275386E-04  -0.1155274E-03  -0.1553266E-03  -0.1687510E-03  -0.1815804E-03  -0.2204157E-03  -0.2524499E-03  -0.2558823E-03  -0.2727411E-03  -0.2799248E-03  -0.2797534E-03
0.4720830E-03   0.7099171E-03   0.3408976E-03   0.2884785E-03   0.2202351E-03   0.1608145E-03   0.1300667E-03   0.7489571E-04   0.2284318E-04  -0.1284153E-05  -0.5177322E-04  -0.9430784E-04  -0.1014972E-03  -0.1402440E-03  -0.1678800E-03  -0.1599895E-03  -0.2060467E-03  -0.2217810E-03  -0.2415954E-03  -0.2438026E-03  -0.2591818E-03  -0.2727365E-03
0.3685085E-03   0.3408976E-03   0.5996273E-03   0.2787854E-03   0.2257855E-03   0.1473468E-03   0.1079293E-03   0.7459100E-04   0.2692771E-04  -0.9947405E-05  -0.4554398E-04  -0.8373423E-04  -0.7843729E-04  -0.1223898E-03  -0.1457929E-03  -0.1636323E-03  -0.1807582E-03  -0.1902262E-03  -0.2183822E-03  -0.2201041E-03  -0.2293387E-03  -0.2397067E-03
0.3032208E-03   0.2884785E-03   0.2787854E-03   0.5512537E-03   0.2237084E-03   0.1445599E-03   0.1133552E-03   0.7109409E-04   0.3448207E-04   0.8683825E-05  -0.3521821E-04  -0.7355922E-04  -0.7571051E-04  -0.1148053E-03  -0.1367115E-03  -0.1454857E-03  -0.1646803E-03  -0.1863345E-03  -0.1963733E-03  -0.1992501E-03  -0.2251731E-03  -0.2302934E-03
0.2341918E-03   0.2202351E-03   0.2257855E-03   0.2237084E-03   0.4692471E-03   0.1593984E-03   0.1252736E-03   0.8932324E-04   0.4787305E-04   0.2244079E-04  -0.2263956E-04  -0.6259486E-04  -0.7002339E-04  -0.1149466E-03  -0.1197060E-03  -0.1305827E-03  -0.1648811E-03  -0.1587614E-03  -0.1754669E-03  -0.1916102E-03  -0.1909430E-03  -0.2090120E-03
0.1579295E-03   0.1608145E-03   0.1473468E-03   0.1445599E-03   0.1593984E-03   0.4174609E-03   0.1351968E-03   0.8102526E-04   0.4202169E-04   0.2857988E-04   0.4856275E-05  -0.1881725E-04  -0.5431453E-04  -0.7396786E-04  -0.9564597E-04  -0.1054427E-03  -0.1275583E-03  -0.1433796E-03  -0.1722002E-03  -0.1679154E-03  -0.1690869E-03  -0.1709833E-03
0.1148520E-03   0.1300667E-03   0.1079293E-03   0.1133552E-03   0.1252736E-03   0.1351968E-03   0.3439973E-03   0.1052034E-03   0.5696554E-04   0.4897097E-04   0.1071161E-04  -0.9689255E-05  -0.3902335E-04  -0.6679391E-04  -0.7971681E-04  -0.9845971E-04  -0.1095981E-03  -0.1428061E-03  -0.1457759E-03  -0.1394434E-03  -0.1465140E-03  -0.1567672E-03
0.5910658E-04   0.7489571E-04   0.7459100E-04   0.7109409E-04   0.8932324E-04   0.8102526E-04   0.1052034E-03   0.3526461E-03   0.6907767E-04   0.4130756E-04   0.6961422E-05  -0.3976053E-05  -0.2654714E-04  -0.4641449E-04  -0.6922287E-04  -0.7609051E-04  -0.8304304E-04  -0.1121818E-03  -0.1162867E-03  -0.1224424E-03  -0.1186728E-03  -0.1267595E-03
0.8848402E-05   0.2284318E-04   0.2692771E-04   0.3448207E-04   0.4787305E-04   0.4202169E-04   0.5696554E-04   0.6907767E-04   0.3274556E-03   0.5840978E-04   0.3072901E-04   0.9366239E-05  -0.1496018E-04  -0.2833023E-04  -0.3191083E-04  -0.5092067E-04  -0.6058838E-04  -0.7413261E-04  -0.8797768E-04  -0.8472306E-04  -0.9623216E-04  -0.1057456E-03
-0.1548114E-05  -0.1284153E-05  -0.9947405E-05   0.8683825E-05   0.2244079E-04   0.2857988E-04   0.4897097E-04   0.4130756E-04   0.5840978E-04   0.3138285E-03   0.4489425E-04   0.5328575E-06   0.6509510E-05  -0.1000738E-04  -0.1910962E-04  -0.3393531E-04  -0.5379567E-04  -0.5604043E-04  -0.7043911E-04  -0.6949187E-04  -0.7429339E-04  -0.8521129E-04
-0.6515154E-04  -0.5177322E-04  -0.4554398E-04  -0.3521821E-04  -0.2263956E-04   0.4856275E-05   0.1071161E-04   0.6961422E-05   0.3072901E-04   0.4489425E-04   0.2987927E-03   0.4423742E-04   0.1746251E-04   0.5217153E-05   0.1142131E-04  -0.2778582E-05  -0.1402503E-04  -0.2798989E-04  -0.3132873E-04  -0.3261094E-04  -0.4740354E-04  -0.5002616E-04
-0.9275386E-04  -0.9430784E-04  -0.8373423E-04  -0.7355922E-04  -0.6259486E-04  -0.1881725E-04  -0.9689255E-05  -0.3976053E-05   0.9366239E-05   0.5328575E-06   0.4423742E-04   0.2930529E-03   0.3360509E-04   0.2569812E-04   0.1296549E-04   0.1589046E-04   0.1086577E-04  -0.1036306E-05   0.7983017E-05   0.5286830E-05   0.2813291E-05  -0.1218549E-04
-0.1155274E-03  -0.1014972E-03  -0.7843729E-04  -0.7571051E-04  -0.7002339E-04  -0.5431453E-04  -0.3902335E-04  -0.2654714E-04  -0.1496018E-04   0.6509510E-05   0.1746251E-04   0.3360509E-04   0.3117115E-03   0.5063507E-04   0.4328406E-04   0.2300496E-04   0.2079687E-04   0.2151821E-04   0.1739154E-04  -0.5709774E-05   0.1544999E-04   0.1390470E-04
-0.1553266E-03  -0.1402440E-03  -0.1223898E-03  -0.1148053E-03  -0.1149466E-03  -0.7396786E-04  -0.6679391E-04  -0.4641449E-04  -0.2833023E-04  -0.1000738E-04   0.5217153E-05   0.2569812E-04   0.5063507E-04   0.3233605E-03   0.7942894E-04   0.5020178E-04   0.3953170E-04   0.6056662E-04   0.5155844E-04   0.3581253E-04   0.4682529E-04   0.5133621E-04
-0.1687510E-03  -0.1678800E-03  -0.1457929E-03  -0.1367115E-03  -0.1197060E-03  -0.9564597E-04  -0.7971681E-04  -0.6922287E-04  -0.3191083E-04  -0.1910962E-04   0.1142131E-04   0.1296549E-04   0.4328406E-04   0.7942894E-04   0.3314809E-03   0.6395480E-04   0.7067944E-04   0.6758158E-04   0.7107174E-04   0.6679111E-04   0.6104629E-04   0.7659397E-04
-0.1815804E-03  -0.1599895E-03  -0.1636323E-03  -0.1454857E-03  -0.1305827E-03  -0.1054427E-03  -0.9845971E-04  -0.7609051E-04  -0.5092067E-04  -0.3393531E-04  -0.2778582E-05   0.1589046E-04   0.2300496E-04   0.5020178E-04   0.6395480E-04   0.3353578E-03   0.9428204E-04   0.9180894E-04   0.9235196E-04   0.9653375E-04   0.9677182E-04   0.1002121E-03
-0.2204157E-03  -0.2060467E-03  -0.1807582E-03  -0.1646803E-03  -0.1648811E-03  -0.1275583E-03  -0.1095981E-03  -0.8304304E-04  -0.6058838E-04  -0.5379567E-04  -0.1402503E-04   0.1086577E-04   0.2079687E-04   0.3953170E-04   0.7067944E-04   0.9428204E-04   0.3539457E-03   0.1377571E-03   0.1163236E-03   0.1242013E-03   0.1361137E-03   0.1372546E-03
-0.2524499E-03  -0.2217810E-03  -0.1902262E-03  -0.1863345E-03  -0.1587614E-03  -0.1433796E-03  -0.1428061E-03  -0.1121818E-03  -0.7413261E-04  -0.5604043E-04  -0.2798989E-04  -0.1036306E-05   0.2151821E-04   0.6056662E-04   0.6758158E-04   0.9180894E-04   0.1377571E-03   0.4051048E-03   0.1587922E-03   0.1540903E-03   0.1445708E-03   0.1592886E-03
-0.2558823E-03  -0.2415954E-03  -0.2183822E-03  -0.1963733E-03  -0.1754669E-03  -0.1722002E-03  -0.1457759E-03  -0.1162867E-03  -0.8797768E-04  -0.7043911E-04  -0.3132873E-04   0.7983017E-05   0.1739154E-04   0.5155844E-04   0.7107174E-04   0.9235196E-04   0.1163236E-03   0.1587922E-03   0.4405409E-03   0.1912948E-03   0.1934531E-03   0.1758378E-03
-0.2727411E-03  -0.2438026E-03  -0.2201041E-03  -0.1992501E-03  -0.1916102E-03  -0.1679154E-03  -0.1394434E-03  -0.1224424E-03  -0.8472306E-04  -0.6949187E-04  -0.3261094E-04   0.5286830E-05  -0.5709774E-05   0.3581253E-04   0.6679111E-04   0.9653375E-04   0.1242013E-03   0.1540903E-03   0.1912948E-03   0.4564701E-03   0.2020209E-03   0.2009580E-03
-0.2799248E-03  -0.2591818E-03  -0.2293387E-03  -0.2251731E-03  -0.1909430E-03  -0.1690869E-03  -0.1465140E-03  -0.1186728E-03  -0.9623216E-04  -0.7429339E-04  -0.4740354E-04   0.2813291E-05   0.1544999E-04   0.4682529E-04   0.6104629E-04   0.9677182E-04   0.1361137E-03   0.1445708E-03   0.1934531E-03   0.2020209E-03   0.4683198E-03   0.2418885E-03
-0.2797534E-03  -0.2727365E-03  -0.2397067E-03  -0.2302934E-03  -0.2090120E-03  -0.1709833E-03  -0.1567672E-03  -0.1267595E-03  -0.1057456E-03  -0.8521129E-04  -0.5002616E-04  -0.1218549E-04   0.1390470E-04   0.5133621E-04   0.7659397E-04   0.1002121E-03   0.1372546E-03   0.1592886E-03   0.1758378E-03   0.2009580E-03   0.2418885E-03   0.5170147E-03
