0.7312626E-03   0.4295308E-03   0.3545847E-03   0.2824468E-03   0.2182527E-03   0.1768548E-03   0.1120866E-03   0.6946450E-04   0.1996534E-04  -0.3461254E-05  -0.4299556E-04  -0.8475672E-04  -0.1025276E-03  -0.1322963E-03  -0.1520291E-03  -0.1837552E-03  -0.2059129E-03  -0.2278130E-03  -0.2323274E-03  -0.2500057E-03  -0.2700298E-03  -0.2530765E-03
0.4295308E-03   0.5451278E-03   0.3303182E-03   0.2586137E-03   0.2043873E-03   0.1715683E-03   0.1159288E-03   0.7693132E-04   0.2765519E-04  -0.6316927E-05  -0.3278916E-04  -0.6332483E-04  -0.9602163E-04  -0.1184592E-03  -0.1406476E-03  -0.1750723E-03  -0.1802858E-03  -0.1995373E-03  -0.2076644E-03  -0.2228700E-03  -0.2459362E-03  -0.2368134E-03
0.3545847E-03   0.3303182E-03   0.4703487E-03   0.2516434E-03   0.2067886E-03   0.1595338E-03   0.1129711E-03   0.8250109E-04   0.3152869E-04   0.2333591E-05  -0.2642804E-04  -0.6788894E-04  -0.8265577E-04  -0.1096990E-03  -0.1233524E-03  -0.1604788E-03  -0.1683617E-03  -0.1929318E-03  -0.2052309E-03  -0.2037794E-03  -0.2248674E-03  -0.2245677E-03
0.2824468E-03   0.2586137E-03   0.2516434E-03   0.3899116E-03   0.1958763E-03   0.1529661E-03   0.1140448E-03   0.7926789E-04   0.3814771E-04   0.9011848E-05  -0.1546314E-04  -0.5170355E-04  -0.6235478E-04  -0.9305644E-04  -0.1063331E-03  -0.1387731E-03  -0.1487892E-03  -0.1665754E-03  -0.1797247E-03  -0.1862705E-03  -0.2115570E-03  -0.2036026E-03
0.2182527E-03   0.2043873E-03   0.2067886E-03   0.1958763E-03   0.3352580E-03   0.1525707E-03   0.1126147E-03   0.8746669E-04   0.4940925E-04   0.2771208E-04  -0.8467559E-05  -0.3618439E-04  -0.6167303E-04  -0.8591623E-04  -0.9842849E-04  -0.1248837E-03  -0.1396433E-03  -0.1521407E-03  -0.1606762E-03  -0.1758775E-03  -0.1886117E-03  -0.1736775E-03
0.1768548E-03   0.1715683E-03   0.1595338E-03   0.1529661E-03   0.1525707E-03   0.2879411E-03   0.1122913E-03   0.8742372E-04   0.5018746E-04   0.2949380E-04  -0.7546403E-07  -0.2820343E-04  -0.4284316E-04  -0.6773247E-04  -0.8733801E-04  -0.1059907E-03  -0.1222051E-03  -0.1366582E-03  -0.1414468E-03  -0.1532272E-03  -0.1734029E-03  -0.1528209E-03
0.1120866E-03   0.1159288E-03   0.1129711E-03   0.1140448E-03   0.1126147E-03   0.1122913E-03   0.2237838E-03   0.7987732E-04   0.5330510E-04   0.3504772E-04   0.9811586E-05  -0.1043999E-04  -0.3105267E-04  -0.4403296E-04  -0.6223942E-04  -0.8498572E-04  -0.9514995E-04  -0.1089103E-03  -0.1166986E-03  -0.1205150E-03  -0.1368600E-03  -0.1321517E-03
0.6946450E-04   0.7693132E-04   0.8250109E-04   0.7926789E-04   0.8746669E-04   0.8742372E-04   0.7987732E-04   0.2328111E-03   0.5921934E-04   0.3678173E-04   0.1770556E-04   0.1080304E-05  -0.1805737E-04  -0.3444200E-04  -0.5589785E-04  -0.6882193E-04  -0.7504921E-04  -0.8915451E-04  -0.9930675E-04  -0.1147260E-03  -0.1191682E-03  -0.1170722E-03
0.1996534E-04   0.2765519E-04   0.3152869E-04   0.3814771E-04   0.4940925E-04   0.5018746E-04   0.5330510E-04   0.5921934E-04   0.2167579E-03   0.4892753E-04   0.2708463E-04   0.5972297E-05  -0.2244454E-05  -0.1518769E-04  -0.3932282E-04  -0.4309248E-04  -0.4875363E-04  -0.6476397E-04  -0.6994169E-04  -0.7703990E-04  -0.8576831E-04  -0.8576073E-04
-0.3461254E-05  -0.6316927E-05   0.2333591E-05   0.9011848E-05   0.2771208E-04   0.2949380E-04   0.3504772E-04   0.3678173E-04   0.4892753E-04   0.1886851E-03   0.3050082E-04   0.1625349E-04   0.1359980E-04   0.2904457E-05  -0.1915127E-04  -0.3141189E-04  -0.3748059E-04  -0.3995308E-04  -0.5176305E-04  -0.5744793E-04  -0.6240918E-04  -0.6542922E-04
-0.4299556E-04  -0.3278916E-04  -0.2642804E-04  -0.1546314E-04  -0.8467559E-05  -0.7546403E-07   0.9811586E-05   0.1770556E-04   0.2708463E-04   0.3050082E-04   0.1814981E-03   0.3201728E-04   0.1471607E-04   0.8786322E-05  -0.3447677E-05  -0.3647109E-05  -0.9570017E-05  -0.1619228E-04  -0.2103598E-04  -0.2821481E-04  -0.4031924E-04  -0.3382658E-04
-0.8475672E-04  -0.6332483E-04  -0.6788894E-04  -0.5170355E-04  -0.3618439E-04  -0.2820343E-04  -0.1043999E-04   0.1080304E-05   0.5972297E-05   0.1625349E-04   0.3201728E-04   0.1833110E-03   0.3580418E-04   0.2766303E-04   0.1379996E-04   0.1920883E-04   0.1218737E-04   0.1048078E-04   0.4308384E-05   0.2222466E-06  -0.4178873E-05  -0.8185691E-05
-0.1025276E-03  -0.9602163E-04  -0.8265577E-04  -0.6235478E-04  -0.6167303E-04  -0.4284316E-04  -0.3105267E-04  -0.1805737E-04  -0.2244454E-05   0.1359980E-04   0.1471607E-04   0.3580418E-04   0.1965933E-03   0.4518932E-04   0.3747029E-04   0.2841302E-04   0.2301156E-04   0.2514358E-04   0.2299034E-04   0.1588345E-04   0.2024001E-04   0.9803830E-05
-0.1322963E-03  -0.1184592E-03  -0.1096990E-03  -0.9305644E-04  -0.8591623E-04  -0.6773247E-04  -0.4403296E-04  -0.3444200E-04  -0.1518769E-04   0.2904457E-05   0.8786322E-05   0.2766303E-04   0.4518932E-04   0.1972726E-03   0.5651555E-04   0.4943157E-04   0.4710680E-04   0.4920353E-04   0.4765290E-04   0.4465692E-04   0.4614490E-04   0.3565994E-04
-0.1520291E-03  -0.1406476E-03  -0.1233524E-03  -0.1063331E-03  -0.9842849E-04  -0.8733801E-04  -0.6223942E-04  -0.5589785E-04  -0.3932282E-04  -0.1915127E-04  -0.3447677E-05   0.1379996E-04   0.3747029E-04   0.5651555E-04   0.2095325E-03   0.7242460E-04   0.6576156E-04   0.6666257E-04   0.7007824E-04   0.7241758E-04   0.7775087E-04   0.7515297E-04
-0.1837552E-03  -0.1750723E-03  -0.1604788E-03  -0.1387731E-03  -0.1248837E-03  -0.1059907E-03  -0.8498572E-04  -0.6882193E-04  -0.4309248E-04  -0.3141189E-04  -0.3647109E-05   0.1920883E-04   0.2841302E-04   0.4943157E-04   0.7242460E-04   0.2403358E-03   0.9665368E-04   0.9864495E-04   0.9677452E-04   0.1046835E-03   0.1060117E-03   0.1017992E-03
-0.2059129E-03  -0.1802858E-03  -0.1683617E-03  -0.1487892E-03  -0.1396433E-03  -0.1222051E-03  -0.9514995E-04  -0.7504921E-04  -0.4875363E-04  -0.3748059E-04  -0.9570017E-05   0.1218737E-04   0.2301156E-04   0.4710680E-04   0.6576156E-04   0.9665368E-04   0.2555296E-03   0.1176981E-03   0.1071798E-03   0.1216357E-03   0.1308815E-03   0.1212366E-03
-0.2278130E-03  -0.1995373E-03  -0.1929318E-03  -0.1665754E-03  -0.1521407E-03  -0.1366582E-03  -0.1089103E-03  -0.8915451E-04  -0.6476397E-04  -0.3995308E-04  -0.1619228E-04   0.1048078E-04   0.2514358E-04   0.4920353E-04   0.6666257E-04   0.9864495E-04   0.1176981E-03   0.2857458E-03   0.1377880E-03   0.1382985E-03   0.1620422E-03   0.1499735E-03
-0.2323274E-03  -0.2076644E-03  -0.2052309E-03  -0.1797247E-03  -0.1606762E-03  -0.1414468E-03  -0.1166986E-03  -0.9930675E-04  -0.6994169E-04  -0.5176305E-04  -0.2103598E-04   0.4308384E-05   0.2299034E-04   0.4765290E-04   0.7007824E-04   0.9677452E-04   0.1071798E-03   0.1377880E-03   0.3000660E-03   0.1699230E-03   0.1822915E-03   0.1702780E-03
-0.2500057E-03  -0.2228700E-03  -0.2037794E-03  -0.1862705E-03  -0.1758775E-03  -0.1532272E-03  -0.1205150E-03  -0.1147260E-03  -0.7703990E-04  -0.5744793E-04  -0.2821481E-04   0.2222466E-06   0.1588345E-04   0.4465692E-04   0.7241758E-04   0.1046835E-03   0.1216357E-03   0.1382985E-03   0.1699230E-03   0.3306696E-03   0.2029639E-03   0.1905221E-03
-0.2700298E-03  -0.2459362E-03  -0.2248674E-03  -0.2115570E-03  -0.1886117E-03  -0.1734029E-03  -0.1368600E-03  -0.1191682E-03  -0.8576831E-04  -0.6240918E-04  -0.4031924E-04  -0.4178873E-05   0.2024001E-04   0.4614490E-04   0.7775087E-04   0.1060117E-03   0.1308815E-03   0.1620422E-03   0.1822915E-03   0.2029639E-03   0.3744462E-03   0.2285935E-03
-0.2530765E-03  -0.2368134E-03  -0.2245677E-03  -0.2036026E-03  -0.1736775E-03  -0.1528209E-03  -0.1321517E-03  -0.1170722E-03  -0.8576073E-04  -0.6542922E-04  -0.3382658E-04  -0.8185691E-05   0.9803830E-05   0.3565994E-04   0.7515297E-04   0.1017992E-03   0.1212366E-03   0.1499735E-03   0.1702780E-03   0.1905221E-03   0.2285935E-03   0.3691295E-03
