0.7184360E-03   0.3435371E-03   0.2808848E-03   0.1921946E-03   0.1667836E-03   0.1194578E-03   0.9498840E-04   0.3914477E-04   0.8209774E-05   0.6908145E-05  -0.3325450E-04  -0.7305470E-04  -0.7793094E-04  -0.1115649E-03  -0.1348241E-03  -0.1522674E-03  -0.1723581E-03  -0.1902409E-03  -0.1720283E-03  -0.1886766E-03  -0.2358295E-03  -0.2141941E-03
0.3435371E-03   0.5473652E-03   0.2544942E-03   0.1762576E-03   0.1522387E-03   0.1152637E-03   0.8780398E-04   0.5096699E-04   0.1845136E-04   0.1373639E-04  -0.2819801E-04  -0.5563034E-04  -0.8078008E-04  -0.1019310E-03  -0.1155383E-03  -0.1286987E-03  -0.1423834E-03  -0.1743969E-03  -0.1570868E-03  -0.1872115E-03  -0.2062652E-03  -0.1980349E-03
0.2808848E-03   0.2544942E-03   0.4964559E-03   0.1847640E-03   0.1549775E-03   0.1204961E-03   0.9805036E-04   0.5167798E-04   0.2561988E-04   0.6608435E-05  -0.2170113E-04  -0.4436130E-04  -0.6498959E-04  -0.9103718E-04  -0.1216101E-03  -0.1225370E-03  -0.1487363E-03  -0.1529142E-03  -0.1672428E-03  -0.1758092E-03  -0.1914586E-03  -0.1898218E-03
0.1921946E-03   0.1762576E-03   0.1847640E-03   0.4050150E-03   0.1576131E-03   0.1101485E-03   0.8712802E-04   0.5546908E-04   0.2117278E-04   0.7984103E-05  -0.1455942E-04  -0.3929903E-04  -0.6028926E-04  -0.6835476E-04  -0.9862617E-04  -0.1010949E-03  -0.1299149E-03  -0.1362496E-03  -0.1427737E-03  -0.1512035E-03  -0.1567148E-03  -0.1559678E-03
0.1667836E-03   0.1522387E-03   0.1549775E-03   0.1576131E-03   0.4004231E-03   0.1135695E-03   0.9984027E-04   0.5426196E-04   0.4132496E-04   0.1361371E-04  -0.1281362E-04  -0.4450581E-04  -0.4432316E-04  -0.6803353E-04  -0.8802379E-04  -0.9315477E-04  -0.1135051E-03  -0.1309060E-03  -0.1374613E-03  -0.1497562E-03  -0.1640623E-03  -0.1550503E-03
0.1194578E-03   0.1152637E-03   0.1204961E-03   0.1101485E-03   0.1135695E-03   0.3366879E-03   0.7888090E-04   0.4921883E-04   0.4422239E-04   0.6744024E-05  -0.1279281E-04  -0.3384909E-04  -0.3819406E-04  -0.6070306E-04  -0.6881161E-04  -0.7821458E-04  -0.9868708E-04  -0.1025082E-03  -0.1117423E-03  -0.1241697E-03  -0.1180740E-03  -0.1254678E-03
0.9498840E-04   0.8780398E-04   0.9805036E-04   0.8712802E-04   0.9984027E-04   0.7888090E-04   0.2817729E-03   0.5197310E-04   0.3393792E-04   0.2873414E-04   0.1243482E-04  -0.1401458E-04  -0.3313445E-04  -0.4129599E-04  -0.6060262E-04  -0.7421196E-04  -0.7827473E-04  -0.9456422E-04  -0.1016674E-03  -0.1105394E-03  -0.1125964E-03  -0.1187719E-03
0.3914477E-04   0.5096699E-04   0.5167798E-04   0.5546908E-04   0.5426196E-04   0.4921883E-04   0.5197310E-04   0.2897249E-03   0.4121589E-04   0.2624530E-04   0.1505156E-04  -0.1239161E-04  -0.1810958E-04  -0.2960785E-04  -0.4105950E-04  -0.5471201E-04  -0.5758622E-04  -0.7235178E-04  -0.7642781E-04  -0.9170848E-04  -0.8849776E-04  -0.9528433E-04
0.8209774E-05   0.1845136E-04   0.2561988E-04   0.2117278E-04   0.4132496E-04   0.4422239E-04   0.3393792E-04   0.4121589E-04   0.2960722E-03   0.3150345E-04   0.1223468E-04  -0.4429001E-05  -0.1119344E-04  -0.1131759E-04  -0.2811165E-04  -0.4265023E-04  -0.4383451E-04  -0.6179388E-04  -0.6709870E-04  -0.6625338E-04  -0.7475799E-04  -0.8112913E-04
0.6908145E-05   0.1373639E-04   0.6608435E-05   0.7984103E-05   0.1361371E-04   0.6744024E-05   0.2873414E-04   0.2624530E-04   0.3150345E-04   0.2634059E-03   0.2288234E-04   0.4580468E-05  -0.7533284E-05  -0.1622016E-04  -0.2324993E-04  -0.3115881E-04  -0.3272985E-04  -0.4320388E-04  -0.4824444E-04  -0.5610490E-04  -0.6272984E-04  -0.5262915E-04
-0.3325450E-04  -0.2819801E-04  -0.2170113E-04  -0.1455942E-04  -0.1281362E-04  -0.1279281E-04   0.1243482E-04   0.1505156E-04   0.1223468E-04   0.2288234E-04   0.2695681E-03   0.2474664E-04   0.8945424E-05   0.1204112E-04  -0.1221575E-04  -0.6394073E-05  -0.2945809E-04  -0.2325182E-04  -0.3425074E-04  -0.3956719E-04  -0.3530103E-04  -0.3400564E-04
-0.7305470E-04  -0.5563034E-04  -0.4436130E-04  -0.3929903E-04  -0.4450581E-04  -0.3384909E-04  -0.1401458E-04  -0.1239161E-04  -0.4429001E-05   0.4580468E-05   0.2474664E-04   0.2452404E-03   0.1961974E-04   0.1649859E-04   0.1234838E-04   0.4980070E-05   0.4425304E-05   0.5491035E-05  -0.5472009E-05   0.2343266E-05  -0.4926085E-05  -0.1516086E-05
-0.7793094E-04  -0.8078008E-04  -0.6498959E-04  -0.6028926E-04  -0.4432316E-04  -0.3819406E-04  -0.3313445E-04  -0.1810958E-04  -0.1119344E-04  -0.7533284E-05   0.8945424E-05   0.1961974E-04   0.2801118E-03   0.3753595E-04   0.1755382E-04   0.1731287E-04   0.6573891E-05   0.1281664E-04   0.1622791E-04   0.5761901E-05   0.9557800E-05   0.5593890E-05
-0.1115649E-03  -0.1019310E-03  -0.9103718E-04  -0.6835476E-04  -0.6803353E-04  -0.6070306E-04  -0.4129599E-04  -0.2960785E-04  -0.1131759E-04  -0.1622016E-04   0.1204112E-04   0.1649859E-04   0.3753595E-04   0.2724814E-03   0.3262164E-04   0.2729797E-04   0.3194109E-04   0.3277820E-04   0.2423376E-04   0.2230698E-04   0.3959188E-04   0.3512588E-04
-0.1348241E-03  -0.1155383E-03  -0.1216101E-03  -0.9862617E-04  -0.8802379E-04  -0.6881161E-04  -0.6060262E-04  -0.4105950E-04  -0.2811165E-04  -0.2324993E-04  -0.1221575E-04   0.1234838E-04   0.1755382E-04   0.3262164E-04   0.2855464E-03   0.5605093E-04   0.4824105E-04   0.4325083E-04   0.5936217E-04   0.6410916E-04   0.5804562E-04   0.5355963E-04
-0.1522674E-03  -0.1286987E-03  -0.1225370E-03  -0.1010949E-03  -0.9315477E-04  -0.7821458E-04  -0.7421196E-04  -0.5471201E-04  -0.4265023E-04  -0.3115881E-04  -0.6394073E-05   0.4980070E-05   0.1731287E-04   0.2729797E-04   0.5605093E-04   0.3013677E-03   0.6315933E-04   0.7144968E-04   0.6873529E-04   0.6292103E-04   0.6718516E-04   0.6700909E-04
-0.1723581E-03  -0.1423834E-03  -0.1487363E-03  -0.1299149E-03  -0.1135051E-03  -0.9868708E-04  -0.7827473E-04  -0.5758622E-04  -0.4383451E-04  -0.3272985E-04  -0.2945809E-04   0.4425304E-05   0.6573891E-05   0.3194109E-04   0.4824105E-04   0.6315933E-04   0.3185502E-03   0.9911412E-04   0.8166136E-04   0.9605270E-04   0.9583726E-04   0.1023302E-03
-0.1902409E-03  -0.1743969E-03  -0.1529142E-03  -0.1362496E-03  -0.1309060E-03  -0.1025082E-03  -0.9456422E-04  -0.7235178E-04  -0.6179388E-04  -0.4320388E-04  -0.2325182E-04   0.5491035E-05   0.1281664E-04   0.3277820E-04   0.4325083E-04   0.7144968E-04   0.9911412E-04   0.3409807E-03   0.1078404E-03   0.1070769E-03   0.1280642E-03   0.1155597E-03
-0.1720283E-03  -0.1570868E-03  -0.1672428E-03  -0.1427737E-03  -0.1374613E-03  -0.1117423E-03  -0.1016674E-03  -0.7642781E-04  -0.6709870E-04  -0.4824444E-04  -0.3425074E-04  -0.5472009E-05   0.1622791E-04   0.2423376E-04   0.5936217E-04   0.6873529E-04   0.8166136E-04   0.1078404E-03   0.3427594E-03   0.1331677E-03   0.1290843E-03   0.1282934E-03
-0.1886766E-03  -0.1872115E-03  -0.1758092E-03  -0.1512035E-03  -0.1497562E-03  -0.1241697E-03  -0.1105394E-03  -0.9170848E-04  -0.6625338E-04  -0.5610490E-04  -0.3956719E-04   0.2343266E-05   0.5761901E-05   0.2230698E-04   0.6410916E-04   0.6292103E-04   0.9605270E-04   0.1070769E-03   0.1331677E-03   0.3792233E-03   0.1639266E-03   0.1420988E-03
-0.2358295E-03  -0.2062652E-03  -0.1914586E-03  -0.1567148E-03  -0.1640623E-03  -0.1180740E-03  -0.1125964E-03  -0.8849776E-04  -0.7475799E-04  -0.6272984E-04  -0.3530103E-04  -0.4926085E-05   0.9557800E-05   0.3959188E-04   0.5804562E-04   0.6718516E-04   0.9583726E-04   0.1280642E-03   0.1290843E-03   0.1639266E-03   0.4078181E-03   0.1824247E-03
-0.2141941E-03  -0.1980349E-03  -0.1898218E-03  -0.1559678E-03  -0.1550503E-03  -0.1254678E-03  -0.1187719E-03  -0.9528433E-04  -0.8112913E-04  -0.5262915E-04  -0.3400564E-04  -0.1516086E-05   0.5593890E-05   0.3512588E-04   0.5355963E-04   0.6700909E-04   0.1023302E-03   0.1155597E-03   0.1282934E-03   0.1420988E-03   0.1824247E-03   0.4115232E-03
