0.7205741E-03   0.3453303E-03   0.2825492E-03   0.1935158E-03   0.1703781E-03   0.1318800E-03   0.1024837E-03   0.5899968E-04   0.2242800E-04   0.2619048E-05  -0.1007181E-04  -0.5040238E-04  -0.7305706E-04  -0.8341425E-04  -0.1192101E-03  -0.1521447E-03  -0.1485626E-03  -0.1836300E-03  -0.1783957E-03  -0.1803987E-03  -0.1973858E-03  -0.2250809E-03  -0.2100007E-03
0.3453303E-03   0.5489010E-03   0.2558832E-03   0.1773202E-03   0.1548915E-03   0.1242797E-03   0.9889444E-04   0.5769763E-04   0.3729929E-04   0.1636121E-04  -0.1538399E-04  -0.3410706E-04  -0.6580931E-04  -0.9010665E-04  -0.1020376E-03  -0.1241946E-03  -0.1308473E-03  -0.1522195E-03  -0.1675006E-03  -0.1653332E-03  -0.1905289E-03  -0.1986255E-03  -0.1952969E-03
0.2825492E-03   0.2558832E-03   0.4977501E-03   0.1857125E-03   0.1574409E-03   0.1293591E-03   0.1114586E-03   0.6038330E-04   0.3854358E-04   0.1410947E-04  -0.1228275E-04  -0.3275053E-04  -0.4836233E-04  -0.7042326E-04  -0.9917377E-04  -0.1368350E-03  -0.1209916E-03  -0.1527030E-03  -0.1502403E-03  -0.1757760E-03  -0.1769964E-03  -0.1840748E-03  -0.1848637E-03
0.1935158E-03   0.1773202E-03   0.1857125E-03   0.4056554E-03   0.1620721E-03   0.1132450E-03   0.1007143E-03   0.6620285E-04   0.3350438E-04   0.1910916E-04  -0.1641664E-04  -0.2131565E-04  -0.4939103E-04  -0.5809821E-04  -0.7655487E-04  -0.1081969E-03  -0.1074866E-03  -0.1346273E-03  -0.1350017E-03  -0.1498663E-03  -0.1451389E-03  -0.1570769E-03  -0.1502928E-03
0.1703781E-03   0.1548915E-03   0.1574409E-03   0.1620721E-03   0.4575901E-03   0.1209717E-03   0.1006959E-03   0.7115129E-04   0.4714337E-04   0.2352220E-04  -0.8813944E-05  -0.2370938E-04  -0.5411570E-04  -0.5188498E-04  -0.7038304E-04  -0.1102882E-03  -0.9780357E-04  -0.1273289E-03  -0.1380419E-03  -0.1446754E-03  -0.1581697E-03  -0.1636577E-03  -0.1587931E-03
0.1318800E-03   0.1242797E-03   0.1293591E-03   0.1132450E-03   0.1209717E-03   0.3506433E-03   0.9070427E-04   0.5894377E-04   0.4914044E-04   0.2598559E-04  -0.1249701E-04  -0.1213528E-04  -0.4426865E-04  -0.4731319E-04  -0.6025991E-04  -0.7944719E-04  -0.7996520E-04  -0.1083548E-03  -0.1168223E-03  -0.1181564E-03  -0.1239753E-03  -0.1286676E-03  -0.1300204E-03
0.1024837E-03   0.9889444E-04   0.1114586E-03   0.1007143E-03   0.1006959E-03   0.9070427E-04   0.3366484E-03   0.6171509E-04   0.4068918E-04   0.3062994E-04   0.1363495E-04  -0.1998894E-04  -0.2564731E-04  -0.4130809E-04  -0.5108062E-04  -0.7746476E-04  -0.8862299E-04  -0.9196939E-04  -0.1026247E-03  -0.1108360E-03  -0.1104591E-03  -0.1212299E-03  -0.1236874E-03
0.5899968E-04   0.5769763E-04   0.6038330E-04   0.6620285E-04   0.7115129E-04   0.5894377E-04   0.6171509E-04   0.2924299E-03   0.4449881E-04   0.2883240E-04   0.1111553E-04   0.9000472E-05  -0.1554926E-04  -0.2123463E-04  -0.4585675E-04  -0.5001571E-04  -0.6130601E-04  -0.7015744E-04  -0.7947999E-04  -0.8737161E-04  -0.9665177E-04  -0.9802779E-04  -0.9970631E-04
0.2242800E-04   0.3729929E-04   0.3854358E-04   0.3350438E-04   0.4714337E-04   0.4914044E-04   0.4068918E-04   0.4449881E-04   0.2836762E-03   0.4681499E-04   0.1566890E-04   0.1113275E-04  -0.1382285E-04  -0.2207775E-04  -0.2010818E-04  -0.4085234E-04  -0.3929340E-04  -0.5977140E-04  -0.7100060E-04  -0.6700924E-04  -0.7860770E-04  -0.8245145E-04  -0.8749810E-04
0.2619048E-05   0.1636121E-04   0.1410947E-04   0.1910916E-04   0.2352220E-04   0.2598559E-04   0.3062994E-04   0.2883240E-04   0.4681499E-04   0.2821530E-03   0.1407561E-04   0.1024295E-04  -0.4811332E-05  -0.2866779E-05  -0.1855041E-04  -0.2892889E-04  -0.4089827E-04  -0.4228552E-04  -0.5888751E-04  -0.5470533E-04  -0.5911437E-04  -0.6783225E-04  -0.6282797E-04
-0.1007181E-04  -0.1538399E-04  -0.1228275E-04  -0.1641664E-04  -0.8813944E-05  -0.1249701E-04   0.1363495E-04   0.1111553E-04   0.1566890E-04   0.1407561E-04   0.3136217E-03   0.3325055E-04   0.9371078E-05  -0.7047784E-05  -0.1298179E-04  -0.1567679E-04  -0.2062925E-04  -0.3056559E-04  -0.2905854E-04  -0.4336092E-04  -0.4023774E-04  -0.4938002E-04  -0.4275769E-04
-0.5040238E-04  -0.3410706E-04  -0.3275053E-04  -0.2131565E-04  -0.2370938E-04  -0.1213528E-04  -0.1998894E-04   0.9000472E-05   0.1113275E-04   0.1024295E-04   0.3325055E-04   0.2496778E-03   0.1957907E-04   0.1596099E-04   0.6075255E-05   0.4963124E-05  -0.1439502E-04  -0.8748089E-05  -0.1354946E-04  -0.2422992E-04  -0.2870363E-04  -0.2105524E-04  -0.2572789E-04
-0.7305706E-04  -0.6580931E-04  -0.4836233E-04  -0.4939103E-04  -0.5411570E-04  -0.4426865E-04  -0.2564731E-04  -0.1554926E-04  -0.1382285E-04  -0.4811332E-05   0.9371078E-05   0.1957907E-04   0.2605825E-03   0.3550220E-04   0.1567984E-04   0.1771176E-04   0.5260616E-05   0.9637110E-05   0.3993376E-06   0.1846281E-04   0.8195862E-06   0.7184887E-05   0.2936662E-05
-0.8341425E-04  -0.9010665E-04  -0.7042326E-04  -0.5809821E-04  -0.5188498E-04  -0.4731319E-04  -0.4130809E-04  -0.2123463E-04  -0.2207775E-04  -0.2866779E-05  -0.7047784E-05   0.1596099E-04   0.3550220E-04   0.2855079E-03   0.2445176E-04   0.1967165E-04   0.1891189E-04   0.1363535E-04   0.2047040E-04   0.1580497E-04   0.1585107E-04   0.1308715E-04   0.1671730E-04
-0.1192101E-03  -0.1020376E-03  -0.9917377E-04  -0.7655487E-04  -0.7038304E-04  -0.6025991E-04  -0.5108062E-04  -0.4585675E-04  -0.2010818E-04  -0.1855041E-04  -0.1298179E-04   0.6075255E-05   0.1567984E-04   0.2445176E-04   0.2703167E-03   0.4798366E-04   0.3743113E-04   0.3830486E-04   0.4067348E-04   0.3791337E-04   0.3908977E-04   0.4846411E-04   0.3300163E-04
-0.1521447E-03  -0.1241946E-03  -0.1368350E-03  -0.1081969E-03  -0.1102882E-03  -0.7944719E-04  -0.7746476E-04  -0.5001571E-04  -0.4085234E-04  -0.2892889E-04  -0.1567679E-04   0.4963124E-05   0.1771176E-04   0.1967165E-04   0.4798366E-04   0.3005433E-03   0.5843168E-04   0.5929902E-04   0.6173914E-04   0.6868967E-04   0.7096955E-04   0.6555173E-04   0.6927781E-04
-0.1485626E-03  -0.1308473E-03  -0.1209916E-03  -0.1074866E-03  -0.9780357E-04  -0.7996520E-04  -0.8862299E-04  -0.6130601E-04  -0.3929340E-04  -0.4089827E-04  -0.2062925E-04  -0.1439502E-04   0.5260616E-05   0.1891189E-04   0.3743113E-04   0.5843168E-04   0.2950355E-03   0.7912302E-04   0.8171602E-04   0.7516520E-04   0.7077340E-04   0.7387283E-04   0.7198536E-04
-0.1836300E-03  -0.1522195E-03  -0.1527030E-03  -0.1346273E-03  -0.1273289E-03  -0.1083548E-03  -0.9196939E-04  -0.7015744E-04  -0.5977140E-04  -0.4228552E-04  -0.3056559E-04  -0.8748089E-05   0.9637110E-05   0.1363535E-04   0.3830486E-04   0.5929902E-04   0.7912302E-04   0.3657149E-03   0.9970317E-04   0.8296169E-04   0.9822356E-04   0.1021142E-03   0.1077370E-03
-0.1783957E-03  -0.1675006E-03  -0.1502403E-03  -0.1350017E-03  -0.1380419E-03  -0.1168223E-03  -0.1026247E-03  -0.7947999E-04  -0.7100060E-04  -0.5888751E-04  -0.2905854E-04  -0.1354946E-04   0.3993376E-06   0.2047040E-04   0.4067348E-04   0.6173914E-04   0.8171602E-04   0.9970317E-04   0.3434700E-03   0.1158073E-03   0.1122272E-03   0.1247406E-03   0.1193213E-03
-0.1803987E-03  -0.1653332E-03  -0.1757760E-03  -0.1498663E-03  -0.1446754E-03  -0.1181564E-03  -0.1108360E-03  -0.8737161E-04  -0.6700924E-04  -0.5470533E-04  -0.4336092E-04  -0.2422992E-04   0.1846281E-04   0.1580497E-04   0.3791337E-04   0.6868967E-04   0.7516520E-04   0.8296169E-04   0.1158073E-03   0.3555478E-03   0.1363173E-03   0.1357960E-03   0.1380853E-03
-0.1973858E-03  -0.1905289E-03  -0.1769964E-03  -0.1451389E-03  -0.1581697E-03  -0.1239753E-03  -0.1104591E-03  -0.9665177E-04  -0.7860770E-04  -0.5911437E-04  -0.4023774E-04  -0.2870363E-04   0.8195862E-06   0.1585107E-04   0.3908977E-04   0.7096955E-04   0.7077340E-04   0.9822356E-04   0.1122272E-03   0.1363173E-03   0.3879682E-03   0.1648824E-03   0.1475642E-03
-0.2250809E-03  -0.1986255E-03  -0.1840748E-03  -0.1570769E-03  -0.1636577E-03  -0.1286676E-03  -0.1212299E-03  -0.9802779E-04  -0.8245145E-04  -0.6783225E-04  -0.4938002E-04  -0.2105524E-04   0.7184887E-05   0.1308715E-04   0.4846411E-04   0.6555173E-04   0.7387283E-04   0.1021142E-03   0.1247406E-03   0.1357960E-03   0.1648824E-03   0.4088688E-03   0.1830998E-03
-0.2100007E-03  -0.1952969E-03  -0.1848637E-03  -0.1502928E-03  -0.1587931E-03  -0.1300204E-03  -0.1236874E-03  -0.9970631E-04  -0.8749810E-04  -0.6282797E-04  -0.4275769E-04  -0.2572789E-04   0.2936662E-05   0.1671730E-04   0.3300163E-04   0.6927781E-04   0.7198536E-04   0.1077370E-03   0.1193213E-03   0.1380853E-03   0.1475642E-03   0.1830998E-03   0.4042224E-03
