0.9099009E-03   0.4746265E-03   0.3708503E-03   0.3053302E-03   0.2361606E-03   0.1783383E-03   0.1336091E-03   0.6386504E-04   0.4624411E-04   0.4440971E-05  -0.3636921E-04  -0.8452711E-04  -0.9716003E-04  -0.1232907E-03  -0.1637930E-03  -0.1773430E-03  -0.1833603E-03  -0.2409259E-03  -0.2468171E-03  -0.2561296E-03  -0.2751981E-03  -0.2775434E-03  -0.2745273E-03
0.4746265E-03   0.7119737E-03   0.3427495E-03   0.2900932E-03   0.2191344E-03   0.1797838E-03   0.1390694E-03   0.8430809E-04   0.5705256E-04   0.1177170E-04  -0.2621001E-04  -0.7396122E-04  -0.9739363E-04  -0.1100550E-03  -0.1506905E-03  -0.1658241E-03  -0.1746038E-03  -0.2118718E-03  -0.2312403E-03  -0.2344643E-03  -0.2499291E-03  -0.2546475E-03  -0.2677099E-03
0.3708503E-03   0.3427495E-03   0.6012845E-03   0.2801886E-03   0.2244586E-03   0.1706623E-03   0.1188283E-03   0.7846882E-04   0.5545093E-04   0.6599939E-05  -0.2640362E-04  -0.7011552E-04  -0.7850839E-04  -0.9527703E-04  -0.1214133E-03  -0.1631787E-03  -0.1669561E-03  -0.1808743E-03  -0.1970412E-03  -0.2150625E-03  -0.2239936E-03  -0.2322389E-03  -0.2308567E-03
0.3053302E-03   0.2900932E-03   0.2801886E-03   0.5524202E-03   0.2278034E-03   0.1596061E-03   0.1251232E-03   0.8064745E-04   0.6088742E-04   0.1543260E-04  -0.1704909E-04  -0.5568582E-04  -0.6856587E-04  -0.9129570E-04  -0.1210892E-03  -0.1495368E-03  -0.1449848E-03  -0.1714551E-03  -0.1937276E-03  -0.1893573E-03  -0.2036175E-03  -0.2271181E-03  -0.2270254E-03
0.2361606E-03   0.2191344E-03   0.2244586E-03   0.2278034E-03   0.5409847E-03   0.1718343E-03   0.1299382E-03   0.8798711E-04   0.7416273E-04   0.2926207E-04  -0.1366018E-04  -0.4626760E-04  -0.6826161E-04  -0.9005329E-04  -0.1177803E-03  -0.1239901E-03  -0.1492660E-03  -0.1698435E-03  -0.1631922E-03  -0.1771218E-03  -0.2033686E-03  -0.1986664E-03  -0.2054628E-03
0.1783383E-03   0.1797838E-03   0.1706623E-03   0.1596061E-03   0.1718343E-03   0.4205514E-03   0.1430293E-03   0.9939698E-04   0.6367504E-04   0.2841774E-04   0.6340601E-05  -0.1198364E-04  -0.4198306E-04  -0.6358513E-04  -0.9361370E-04  -0.1127731E-03  -0.1173366E-03  -0.1354675E-03  -0.1581257E-03  -0.1716553E-03  -0.1768473E-03  -0.1649765E-03  -0.1863676E-03
0.1336091E-03   0.1390694E-03   0.1188283E-03   0.1251232E-03   0.1299382E-03   0.1430293E-03   0.3881460E-03   0.1115043E-03   0.6732048E-04   0.5119651E-04   0.2718016E-04   0.5525174E-05  -0.2152839E-04  -0.5461105E-04  -0.7940544E-04  -0.9416191E-04  -0.1139584E-03  -0.1232085E-03  -0.1491204E-03  -0.1502235E-03  -0.1495781E-03  -0.1649655E-03  -0.1667165E-03
0.6386504E-04   0.8430809E-04   0.7846882E-04   0.8064745E-04   0.8798711E-04   0.9939698E-04   0.1115043E-03   0.3689801E-03   0.7788793E-04   0.5546442E-04   0.2071532E-04  -0.1473573E-05  -0.1803407E-04  -0.3479775E-04  -0.6587565E-04  -0.6929438E-04  -0.8453079E-04  -0.9433822E-04  -0.1295582E-03  -0.1260234E-03  -0.1288161E-03  -0.1215411E-03  -0.1195216E-03
0.4624411E-04   0.5705256E-04   0.5545093E-04   0.6088742E-04   0.7416273E-04   0.6367504E-04   0.6732048E-04   0.7788793E-04   0.3430358E-03   0.6325869E-04   0.2390485E-04   0.1026121E-04  -0.2582308E-05  -0.3503736E-04  -0.3897577E-04  -0.5356219E-04  -0.7097793E-04  -0.7806814E-04  -0.9555189E-04  -0.1004458E-03  -0.1048316E-03  -0.1151711E-03  -0.1229207E-03
0.4440971E-05   0.1177170E-04   0.6599939E-05   0.1543260E-04   0.2926207E-04   0.2841774E-04   0.5119651E-04   0.5546442E-04   0.6325869E-04   0.3429820E-03   0.5129392E-04   0.2033651E-04  -0.6217286E-06  -0.5894384E-06  -0.3042257E-04  -0.3484796E-04  -0.5302004E-04  -0.6845285E-04  -0.6687630E-04  -0.7847856E-04  -0.7464250E-04  -0.8196708E-04  -0.8983934E-04
-0.3636921E-04  -0.2621001E-04  -0.2640362E-04  -0.1704909E-04  -0.1366018E-04   0.6340601E-05   0.2718016E-04   0.2071532E-04   0.2390485E-04   0.5129392E-04   0.3572586E-03   0.4115662E-04   0.1157525E-04   0.2856579E-05   0.3758034E-05  -0.5768974E-05  -0.3185235E-04  -0.3564167E-04  -0.4018505E-04  -0.4846872E-04  -0.5445862E-04  -0.7131820E-04  -0.6564866E-04
-0.8452711E-04  -0.7396122E-04  -0.7011552E-04  -0.5568582E-04  -0.4626760E-04  -0.1198364E-04   0.5525174E-05  -0.1473573E-05   0.1026121E-04   0.2033651E-04   0.4115662E-04   0.3046455E-03   0.4034007E-04   0.2312046E-04   0.7437997E-05   0.2291297E-04  -0.1926910E-05  -0.1730374E-05  -0.1758820E-04  -0.1170649E-04  -0.1483137E-04  -0.2268962E-04  -0.3737177E-04
-0.9716003E-04  -0.9739363E-04  -0.7850839E-04  -0.6856587E-04  -0.6826161E-04  -0.4198306E-04  -0.2152839E-04  -0.1803407E-04  -0.2582308E-05  -0.6217286E-06   0.1157525E-04   0.4034007E-04   0.2966899E-03   0.4570522E-04   0.2680781E-04   0.3227139E-04   0.1448133E-04   0.1256854E-04   0.7488893E-05   0.1967197E-05   0.1031777E-04   0.6739696E-05  -0.1542902E-05
-0.1232907E-03  -0.1100550E-03  -0.9527703E-04  -0.9129570E-04  -0.9005329E-04  -0.6358513E-04  -0.5461105E-04  -0.3479775E-04  -0.3503736E-04  -0.5894384E-06   0.2856579E-05   0.2312046E-04   0.4570522E-04   0.3120755E-03   0.6288828E-04   0.4539120E-04   0.2037208E-04   0.2208154E-04   0.4419153E-04   0.2653396E-04   0.8241529E-05   0.2980697E-04   0.3195462E-04
-0.1637930E-03  -0.1506905E-03  -0.1214133E-03  -0.1210892E-03  -0.1177803E-03  -0.9361370E-04  -0.7940544E-04  -0.6587565E-04  -0.3897577E-04  -0.3042257E-04   0.3758034E-05   0.7437997E-05   0.2680781E-04   0.6288828E-04   0.3394459E-03   0.7996614E-04   0.5069606E-04   0.5657573E-04   0.6835323E-04   0.5833351E-04   0.5432443E-04   0.4941934E-04   0.5839938E-04
-0.1773430E-03  -0.1658241E-03  -0.1631787E-03  -0.1495368E-03  -0.1239901E-03  -0.1127731E-03  -0.9416191E-04  -0.6929438E-04  -0.5356219E-04  -0.3484796E-04  -0.5768974E-05   0.2291297E-04   0.3227139E-04   0.4539120E-04   0.7996614E-04   0.3287283E-03   0.7936366E-04   0.6742494E-04   0.8455652E-04   0.8226371E-04   0.7780845E-04   0.8066076E-04   0.8700254E-04
-0.1833603E-03  -0.1746038E-03  -0.1669561E-03  -0.1449848E-03  -0.1492660E-03  -0.1173366E-03  -0.1139584E-03  -0.8453079E-04  -0.7097793E-04  -0.5302004E-04  -0.3185235E-04  -0.1926910E-05   0.1448133E-04   0.2037208E-04   0.5069606E-04   0.7936366E-04   0.3482223E-03   0.1094425E-03   0.1076084E-03   0.9933262E-04   0.1165835E-03   0.1143698E-03   0.1181448E-03
-0.2409259E-03  -0.2118718E-03  -0.1808743E-03  -0.1714551E-03  -0.1698435E-03  -0.1354675E-03  -0.1232085E-03  -0.9433822E-04  -0.7806814E-04  -0.6845285E-04  -0.3564167E-04  -0.1730374E-05   0.1256854E-04   0.2208154E-04   0.5657573E-04   0.6742494E-04   0.1094425E-03   0.4194522E-03   0.1440315E-03   0.1227697E-03   0.1399893E-03   0.1364174E-03   0.1338220E-03
-0.2468171E-03  -0.2312403E-03  -0.1970412E-03  -0.1937276E-03  -0.1631922E-03  -0.1581257E-03  -0.1491204E-03  -0.1295582E-03  -0.9555189E-04  -0.6687630E-04  -0.4018505E-04  -0.1758820E-04   0.7488893E-05   0.4419153E-04   0.6835323E-04   0.8455652E-04   0.1076084E-03   0.1440315E-03   0.4131841E-03   0.1638329E-03   0.1594392E-03   0.1556294E-03   0.1617104E-03
-0.2561296E-03  -0.2344643E-03  -0.2150625E-03  -0.1893573E-03  -0.1771218E-03  -0.1716553E-03  -0.1502235E-03  -0.1260234E-03  -0.1004458E-03  -0.7847856E-04  -0.4846872E-04  -0.1170649E-04   0.1967197E-05   0.2653396E-04   0.5833351E-04   0.8226371E-04   0.9933262E-04   0.1227697E-03   0.1638329E-03   0.4456939E-03   0.1931953E-03   0.1890825E-03   0.1799703E-03
-0.2751981E-03  -0.2499291E-03  -0.2239936E-03  -0.2036175E-03  -0.2033686E-03  -0.1768473E-03  -0.1495781E-03  -0.1288161E-03  -0.1048316E-03  -0.7464250E-04  -0.5445862E-04  -0.1483137E-04   0.1031777E-04   0.8241529E-05   0.5432443E-04   0.7780845E-04   0.1165835E-03   0.1399893E-03   0.1594392E-03   0.1931953E-03   0.4555286E-03   0.2161964E-03   0.2086090E-03
-0.2775434E-03  -0.2546475E-03  -0.2322389E-03  -0.2271181E-03  -0.1986664E-03  -0.1649765E-03  -0.1649655E-03  -0.1215411E-03  -0.1151711E-03  -0.8196708E-04  -0.7131820E-04  -0.2268962E-04   0.6739696E-05   0.2980697E-04   0.4941934E-04   0.8066076E-04   0.1143698E-03   0.1364174E-03   0.1556294E-03   0.1890825E-03   0.2161964E-03   0.4755966E-03   0.2430387E-03
-0.2745273E-03  -0.2677099E-03  -0.2308567E-03  -0.2270254E-03  -0.2054628E-03  -0.1863676E-03  -0.1667165E-03  -0.1195216E-03  -0.1229207E-03  -0.8983934E-04  -0.6564866E-04  -0.3737177E-04  -0.1542902E-05   0.3195462E-04   0.5839938E-04   0.8700254E-04   0.1181448E-03   0.1338220E-03   0.1617104E-03   0.1799703E-03   0.2086090E-03   0.2430387E-03   0.5016764E-03
