0.1273668E-02   0.7242547E-03   0.5481176E-03   0.4228054E-03   0.3558633E-03   0.2693188E-03   0.2034632E-03   0.1284516E-03   0.8124550E-04   0.1195515E-04  -0.4148032E-04  -0.1168909E-03  -0.1409969E-03  -0.1795933E-03  -0.2472592E-03  -0.2535452E-03  -0.3125401E-03  -0.3468190E-03  -0.3513750E-03  -0.4019012E-03  -0.3835078E-03  -0.4145678E-03  -0.4154447E-03
0.7242547E-03   0.1012290E-02   0.5389950E-03   0.4239774E-03   0.3669790E-03   0.2764197E-03   0.1885968E-03   0.1451558E-03   0.8544604E-04   0.3175470E-04  -0.2367192E-04  -0.9879195E-04  -0.1536377E-03  -0.1638492E-03  -0.2137642E-03  -0.2575379E-03  -0.2888367E-03  -0.3296222E-03  -0.3276239E-03  -0.3888204E-03  -0.3535517E-03  -0.3911249E-03  -0.4096245E-03
0.5481176E-03   0.5389950E-03   0.7998583E-03   0.3887358E-03   0.3294767E-03   0.2692557E-03   0.1879842E-03   0.1476225E-03   0.7377471E-04   0.4479598E-04  -0.3583750E-04  -0.8767931E-04  -0.1069482E-03  -0.1304571E-03  -0.1995362E-03  -0.2367655E-03  -0.2662728E-03  -0.2807625E-03  -0.2897237E-03  -0.3346549E-03  -0.3265492E-03  -0.3563784E-03  -0.3245167E-03
0.4228054E-03   0.4239774E-03   0.3887358E-03   0.6944692E-03   0.3170040E-03   0.2572776E-03   0.1925805E-03   0.1407531E-03   0.9034347E-04   0.3260957E-04   0.3472322E-05  -0.7684826E-04  -0.8916721E-04  -0.1238286E-03  -0.1639144E-03  -0.2140014E-03  -0.2378415E-03  -0.2573035E-03  -0.2734775E-03  -0.2949267E-03  -0.2878918E-03  -0.3215442E-03  -0.3029457E-03
0.3558633E-03   0.3669790E-03   0.3294767E-03   0.3170040E-03   0.6745804E-03   0.2505159E-03   0.1688077E-03   0.1350176E-03   0.9688103E-04   0.3407021E-04   0.7390627E-05  -0.7896982E-04  -0.9100388E-04  -0.1192896E-03  -0.1579872E-03  -0.1818745E-03  -0.2061935E-03  -0.2292382E-03  -0.2490426E-03  -0.2663068E-03  -0.2811192E-03  -0.2994691E-03  -0.2735210E-03
0.2693188E-03   0.2764197E-03   0.2692557E-03   0.2572776E-03   0.2505159E-03   0.5674334E-03   0.1841081E-03   0.1523401E-03   0.1038965E-03   0.5293174E-04   0.1359643E-04  -0.2584865E-04  -0.5612743E-04  -0.8758734E-04  -0.1410421E-03  -0.1590995E-03  -0.1828466E-03  -0.2109187E-03  -0.2325817E-03  -0.2386970E-03  -0.2483389E-03  -0.2652720E-03  -0.2604701E-03
0.2034632E-03   0.1885968E-03   0.1879842E-03   0.1925805E-03   0.1688077E-03   0.1841081E-03   0.4992048E-03   0.1735848E-03   0.8499965E-04   0.6507690E-04   0.4250055E-04  -0.1003963E-04  -0.3939163E-04  -0.6953173E-04  -0.1017743E-03  -0.1219144E-03  -0.1592700E-03  -0.1665701E-03  -0.1946497E-03  -0.2171085E-03  -0.2143127E-03  -0.2222773E-03  -0.2266061E-03
0.1284516E-03   0.1451558E-03   0.1476225E-03   0.1407531E-03   0.1350176E-03   0.1523401E-03   0.1735848E-03   0.4738149E-03   0.1209511E-03   0.6994143E-04   0.2586561E-04   0.1930277E-05  -0.2425933E-04  -0.5901785E-04  -0.9105751E-04  -0.9914188E-04  -0.1354665E-03  -0.1515280E-03  -0.1608242E-03  -0.1861948E-03  -0.2042050E-03  -0.1936569E-03  -0.1897913E-03
0.8124550E-04   0.8544604E-04   0.7377471E-04   0.9034347E-04   0.9688103E-04   0.1038965E-03   0.8499965E-04   0.1209511E-03   0.4168622E-03   0.8573427E-04   0.4799114E-04   0.2957413E-04   0.4136114E-05  -0.3674881E-04  -0.5323317E-04  -0.7512922E-04  -0.1027226E-03  -0.1178217E-03  -0.1450260E-03  -0.1334189E-03  -0.1454797E-03  -0.1761204E-03  -0.1655563E-03
0.1195515E-04   0.3175470E-04   0.4479598E-04   0.3260957E-04   0.3407021E-04   0.5293174E-04   0.6507690E-04   0.6994143E-04   0.8573427E-04   0.4075510E-03   0.8165193E-04   0.3932859E-04   0.1259859E-04  -0.1353732E-04  -0.3714806E-04  -0.4944123E-04  -0.7206995E-04  -0.9825003E-04  -0.9567538E-04  -0.1012650E-03  -0.1112805E-03  -0.1207987E-03  -0.1213327E-03
-0.4148032E-04  -0.2367192E-04  -0.3583750E-04   0.3472322E-05   0.7390627E-05   0.1359643E-04   0.4250055E-04   0.2586561E-04   0.4799114E-04   0.8165193E-04   0.4437822E-03   0.7248251E-04   0.2814087E-04   0.9152370E-06  -0.1200396E-04  -0.8256678E-05  -0.4374781E-04  -0.5433174E-04  -0.5677741E-04  -0.6986536E-04  -0.8534829E-04  -0.1048177E-03  -0.1172258E-03
-0.1168909E-03  -0.9879195E-04  -0.8767931E-04  -0.7684826E-04  -0.7896982E-04  -0.2584865E-04  -0.1003963E-04   0.1930277E-05   0.2957413E-04   0.3932859E-04   0.7248251E-04   0.3714558E-03   0.5036552E-04   0.3609717E-04   0.3158370E-04   0.2358208E-04   0.2709293E-06   0.3551373E-05  -0.1396310E-04  -0.9603245E-05  -0.3263187E-04  -0.3676224E-04  -0.4566603E-04
-0.1409969E-03  -0.1536377E-03  -0.1069482E-03  -0.8916721E-04  -0.9100388E-04  -0.5612743E-04  -0.3939163E-04  -0.2425933E-04   0.4136114E-05   0.1259859E-04   0.2814087E-04   0.5036552E-04   0.3772601E-03   0.5514653E-04   0.4620199E-04   0.4101620E-04   0.2824869E-04   0.1433941E-04   0.1614727E-04   0.1876999E-04   0.9290207E-05   0.1463270E-04  -0.9663926E-06
-0.1795933E-03  -0.1638492E-03  -0.1304571E-03  -0.1238286E-03  -0.1192896E-03  -0.8758734E-04  -0.6953173E-04  -0.5901785E-04  -0.3674881E-04  -0.1353732E-04   0.9152370E-06   0.3609717E-04   0.5514653E-04   0.3695022E-03   0.7277989E-04   0.6334811E-04   0.5729694E-04   0.3517517E-04   0.5777357E-04   0.6163542E-04   0.3272500E-04   0.5538089E-04   0.5046003E-04
-0.2472592E-03  -0.2137642E-03  -0.1995362E-03  -0.1639144E-03  -0.1579872E-03  -0.1410421E-03  -0.1017743E-03  -0.9105751E-04  -0.5323317E-04  -0.3714806E-04  -0.1200396E-04   0.3158370E-04   0.4620199E-04   0.7277989E-04   0.3970789E-03   0.1062582E-03   0.1059398E-03   0.1040440E-03   0.9183994E-04   0.1022832E-03   0.9254598E-04   0.8569181E-04   0.8547819E-04
-0.2535452E-03  -0.2575379E-03  -0.2367655E-03  -0.2140014E-03  -0.1818745E-03  -0.1590995E-03  -0.1219144E-03  -0.9914188E-04  -0.7512922E-04  -0.4944123E-04  -0.8256678E-05   0.2358208E-04   0.4101620E-04   0.6334811E-04   0.1062582E-03   0.4037501E-03   0.1421921E-03   0.1110148E-03   0.1169552E-03   0.1320298E-03   0.1221386E-03   0.1366866E-03   0.1302418E-03
-0.3125401E-03  -0.2888367E-03  -0.2662728E-03  -0.2378415E-03  -0.2061935E-03  -0.1828466E-03  -0.1592700E-03  -0.1354665E-03  -0.1027226E-03  -0.7206995E-04  -0.4374781E-04   0.2709293E-06   0.2824869E-04   0.5729694E-04   0.1059398E-03   0.1421921E-03   0.4391777E-03   0.1852100E-03   0.1632003E-03   0.1768716E-03   0.1736305E-03   0.1852628E-03   0.1758032E-03
-0.3468190E-03  -0.3296222E-03  -0.2807625E-03  -0.2573035E-03  -0.2292382E-03  -0.2109187E-03  -0.1665701E-03  -0.1515280E-03  -0.1178217E-03  -0.9825003E-04  -0.5433174E-04   0.3551373E-05   0.1433941E-04   0.3517517E-04   0.1040440E-03   0.1110148E-03   0.1852100E-03   0.5637334E-03   0.2148738E-03   0.1995642E-03   0.1889283E-03   0.2147078E-03   0.1935837E-03
-0.3513750E-03  -0.3276239E-03  -0.2897237E-03  -0.2734775E-03  -0.2490426E-03  -0.2325817E-03  -0.1946497E-03  -0.1608242E-03  -0.1450260E-03  -0.9567538E-04  -0.5677741E-04  -0.1396310E-04   0.1614727E-04   0.5777357E-04   0.9183994E-04   0.1169552E-03   0.1632003E-03   0.2148738E-03   0.5019313E-03   0.2509437E-03   0.2329538E-03   0.2489770E-03   0.2435457E-03
-0.4019012E-03  -0.3888204E-03  -0.3346549E-03  -0.2949267E-03  -0.2663068E-03  -0.2386970E-03  -0.2171085E-03  -0.1861948E-03  -0.1334189E-03  -0.1012650E-03  -0.6986536E-04  -0.9603245E-05   0.1876999E-04   0.6163542E-04   0.1022832E-03   0.1320298E-03   0.1768716E-03   0.1995642E-03   0.2509437E-03   0.5802043E-03   0.2758475E-03   0.2794043E-03   0.2747825E-03
-0.3835078E-03  -0.3535517E-03  -0.3265492E-03  -0.2878918E-03  -0.2811192E-03  -0.2483389E-03  -0.2143127E-03  -0.2042050E-03  -0.1454797E-03  -0.1112805E-03  -0.8534829E-04  -0.3263187E-04   0.9290207E-05   0.3272500E-04   0.9254598E-04   0.1221386E-03   0.1736305E-03   0.1889283E-03   0.2329538E-03   0.2758475E-03   0.6000237E-03   0.3247364E-03   0.2945377E-03
-0.4145678E-03  -0.3911249E-03  -0.3563784E-03  -0.3215442E-03  -0.2994691E-03  -0.2652720E-03  -0.2222773E-03  -0.1936569E-03  -0.1761204E-03  -0.1207987E-03  -0.1048177E-03  -0.3676224E-04   0.1463270E-04   0.5538089E-04   0.8569181E-04   0.1366866E-03   0.1852628E-03   0.2147078E-03   0.2489770E-03   0.2794043E-03   0.3247364E-03   0.6403330E-03   0.3572197E-03
-0.4154447E-03  -0.4096245E-03  -0.3245167E-03  -0.3029457E-03  -0.2735210E-03  -0.2604701E-03  -0.2266061E-03  -0.1897913E-03  -0.1655563E-03  -0.1213327E-03  -0.1172258E-03  -0.4566603E-04  -0.9663926E-06   0.5046003E-04   0.8547819E-04   0.1302418E-03   0.1758032E-03   0.1935837E-03   0.2435457E-03   0.2747825E-03   0.2945377E-03   0.3572197E-03   0.6603503E-03
