0.7333875E-03   0.4312970E-03   0.3561061E-03   0.2838060E-03   0.2243516E-03   0.1912985E-03   0.1231578E-03   0.8348971E-04   0.4175755E-04   0.9581796E-05  -0.2460048E-04  -0.5775051E-04  -0.9592699E-04  -0.1029745E-03  -0.1519993E-03  -0.1596578E-03  -0.1921684E-03  -0.2072122E-03  -0.2306968E-03  -0.2355935E-03  -0.2543614E-03  -0.2596219E-03  -0.2502884E-03
0.4312970E-03   0.5465629E-03   0.3315175E-03   0.2596523E-03   0.2077393E-03   0.1820741E-03   0.1316711E-03   0.8792679E-04   0.4821447E-04   0.9257328E-05  -0.1779712E-04  -0.4355630E-04  -0.7896914E-04  -0.1022479E-03  -0.1330513E-03  -0.1490573E-03  -0.1816070E-03  -0.1774207E-03  -0.2059884E-03  -0.2075956E-03  -0.2303450E-03  -0.2366889E-03  -0.2357732E-03
0.3561061E-03   0.3315175E-03   0.4713089E-03   0.2524363E-03   0.2108189E-03   0.1713617E-03   0.1283360E-03   0.8621011E-04   0.5170703E-04   0.1607541E-04  -0.7431411E-05  -0.4574437E-04  -0.7017848E-04  -0.9288571E-04  -0.1210249E-03  -0.1362962E-03  -0.1629001E-03  -0.1749921E-03  -0.1976327E-03  -0.2013837E-03  -0.2097753E-03  -0.2224878E-03  -0.2210904E-03
0.2838060E-03   0.2596523E-03   0.2524363E-03   0.3905273E-03   0.2020072E-03   0.1604939E-03   0.1235150E-03   0.8805498E-04   0.5691947E-04   0.2323971E-04   0.4128710E-06  -0.3607932E-04  -0.5455927E-04  -0.6913267E-04  -0.1022468E-03  -0.1241054E-03  -0.1395652E-03  -0.1534191E-03  -0.1690452E-03  -0.1817901E-03  -0.1903138E-03  -0.2075808E-03  -0.2039525E-03
0.2243516E-03   0.2077393E-03   0.2108189E-03   0.2020072E-03   0.3802922E-03   0.1606527E-03   0.1199081E-03   0.9914728E-04   0.6514367E-04   0.3298294E-04   0.1068430E-04  -0.2241571E-04  -0.5325896E-04  -0.7905573E-04  -0.9498355E-04  -0.1109736E-03  -0.1335817E-03  -0.1443809E-03  -0.1612322E-03  -0.1686231E-03  -0.1853675E-03  -0.1890470E-03  -0.1751016E-03
0.1912985E-03   0.1820741E-03   0.1713617E-03   0.1604939E-03   0.1606527E-03   0.3012958E-03   0.1181157E-03   0.9375544E-04   0.5932132E-04   0.4222134E-04   0.1076126E-04  -0.1381683E-04  -0.3642935E-04  -0.5814352E-04  -0.7638814E-04  -0.1027723E-03  -0.1163000E-03  -0.1289507E-03  -0.1434578E-03  -0.1450362E-03  -0.1636288E-03  -0.1734569E-03  -0.1611801E-03
0.1231578E-03   0.1316711E-03   0.1283360E-03   0.1235150E-03   0.1199081E-03   0.1181157E-03   0.2559352E-03   0.8885885E-04   0.6180113E-04   0.4048763E-04   0.2281619E-04  -0.7454549E-05  -0.2131798E-04  -0.3702162E-04  -0.6232455E-04  -0.8085866E-04  -0.9891635E-04  -0.1095294E-03  -0.1186106E-03  -0.1225048E-03  -0.1259867E-03  -0.1409555E-03  -0.1386144E-03
0.8348971E-04   0.8792679E-04   0.8621011E-04   0.8805498E-04   0.9914728E-04   0.9375544E-04   0.8885885E-04   0.2386142E-03   0.7121686E-04   0.4449362E-04   0.2253301E-04   0.8918594E-05  -0.7234374E-05  -0.2881849E-04  -0.4941036E-04  -0.6440977E-04  -0.6991140E-04  -0.8702056E-04  -0.1002564E-03  -0.1104079E-03  -0.1175135E-03  -0.1295741E-03  -0.1205668E-03
0.4175755E-04   0.4821447E-04   0.5170703E-04   0.5691947E-04   0.6514367E-04   0.5932132E-04   0.6180113E-04   0.7121686E-04   0.2132865E-03   0.5549476E-04   0.2762961E-04   0.1701702E-04  -0.2112108E-05  -0.8109564E-05  -0.3519517E-04  -0.4670532E-04  -0.5783677E-04  -0.6206980E-04  -0.7417297E-04  -0.8559636E-04  -0.9588098E-04  -0.9344597E-04  -0.9986928E-04
0.9581796E-05   0.9257328E-05   0.1607541E-04   0.2323971E-04   0.3298294E-04   0.4222134E-04   0.4048763E-04   0.4449362E-04   0.5549476E-04   0.2151748E-03   0.3760427E-04   0.1704258E-04   0.1066748E-04   0.2365067E-05  -0.1742779E-04  -0.3132763E-04  -0.4517599E-04  -0.4724072E-04  -0.5207496E-04  -0.6065115E-04  -0.7184491E-04  -0.7212950E-04  -0.7398827E-04
-0.2460048E-04  -0.1779712E-04  -0.7431411E-05   0.4128710E-06   0.1068430E-04   0.1076126E-04   0.2281619E-04   0.2253301E-04   0.2762961E-04   0.3760427E-04   0.2150196E-03   0.2787139E-04   0.2208196E-04   0.9080224E-05  -0.2052434E-05  -0.1762341E-04  -0.2003524E-04  -0.2866146E-04  -0.3407375E-04  -0.3863067E-04  -0.4866109E-04  -0.5668653E-04  -0.5158297E-04
-0.5775051E-04  -0.4355630E-04  -0.4574437E-04  -0.3607932E-04  -0.2241571E-04  -0.1381683E-04  -0.7454549E-05   0.8918594E-05   0.1701702E-04   0.1704258E-04   0.2787139E-04   0.1840905E-03   0.3560085E-04   0.7601925E-05   0.1298513E-04   0.1152513E-04   0.3236262E-05  -0.3205421E-05  -0.3892134E-06  -0.1152718E-04  -0.1410532E-04  -0.2134187E-04  -0.2581754E-04
-0.9592699E-04  -0.7896914E-04  -0.7017848E-04  -0.5455927E-04  -0.5325896E-04  -0.3642935E-04  -0.2131798E-04  -0.7234374E-05  -0.2112108E-05   0.1066748E-04   0.2208196E-04   0.3560085E-04   0.1869153E-03   0.4430844E-04   0.2989053E-04   0.2617443E-04   0.2021544E-04   0.1603962E-04   0.1157545E-04   0.1015834E-04   0.7586238E-05   0.4157945E-05  -0.3277988E-05
-0.1029745E-03  -0.1022479E-03  -0.9288571E-04  -0.6913267E-04  -0.7905573E-04  -0.5814352E-04  -0.3702162E-04  -0.2881849E-04  -0.8109564E-05   0.2365067E-05   0.9080224E-05   0.7601925E-05   0.4430844E-04   0.1994381E-03   0.4680106E-04   0.4148407E-04   0.3032099E-04   0.3250007E-04   0.3795658E-04   0.3262763E-04   0.2851014E-04   0.2504526E-04   0.1648201E-04
-0.1519993E-03  -0.1330513E-03  -0.1210249E-03  -0.1022468E-03  -0.9498355E-04  -0.7638814E-04  -0.6232455E-04  -0.4941036E-04  -0.3519517E-04  -0.1742779E-04  -0.2052434E-05   0.1298513E-04   0.2989053E-04   0.4680106E-04   0.2140984E-03   0.6153956E-04   0.6193856E-04   0.5905487E-04   0.5450612E-04   0.6479968E-04   0.6056691E-04   0.6450051E-04   0.5603977E-04
-0.1596578E-03  -0.1490573E-03  -0.1362962E-03  -0.1241054E-03  -0.1109736E-03  -0.1027723E-03  -0.8085866E-04  -0.6440977E-04  -0.4670532E-04  -0.3132763E-04  -0.1762341E-04   0.1152513E-04   0.2617443E-04   0.4148407E-04   0.6153956E-04   0.2260232E-03   0.8145083E-04   0.7037957E-04   0.8275569E-04   0.8041608E-04   0.8930829E-04   0.8744348E-04   0.8395872E-04
-0.1921684E-03  -0.1816070E-03  -0.1629001E-03  -0.1395652E-03  -0.1335817E-03  -0.1163000E-03  -0.9891635E-04  -0.6991140E-04  -0.5783677E-04  -0.4517599E-04  -0.2003524E-04   0.3236262E-05   0.2021544E-04   0.3032099E-04   0.6193856E-04   0.8145083E-04   0.2453844E-03   0.1055174E-03   0.1044210E-03   0.1005544E-03   0.1192356E-03   0.1147591E-03   0.1131171E-03
-0.2072122E-03  -0.1774207E-03  -0.1749921E-03  -0.1534191E-03  -0.1443809E-03  -0.1289507E-03  -0.1095294E-03  -0.8702056E-04  -0.6206980E-04  -0.4724072E-04  -0.2866146E-04  -0.3205421E-05   0.1603962E-04   0.3250007E-04   0.5905487E-04   0.7037957E-04   0.1055174E-03   0.2927634E-03   0.1253840E-03   0.1118245E-03   0.1252688E-03   0.1253034E-03   0.1279893E-03
-0.2306968E-03  -0.2059884E-03  -0.1976327E-03  -0.1690452E-03  -0.1612322E-03  -0.1434578E-03  -0.1186106E-03  -0.1002564E-03  -0.7417297E-04  -0.5207496E-04  -0.3407375E-04  -0.3892134E-06   0.1157545E-04   0.3795658E-04   0.5450612E-04   0.8275569E-04   0.1044210E-03   0.1253840E-03   0.2896417E-03   0.1455756E-03   0.1493560E-03   0.1653171E-03   0.1576884E-03
-0.2355935E-03  -0.2075956E-03  -0.2013837E-03  -0.1817901E-03  -0.1686231E-03  -0.1450362E-03  -0.1225048E-03  -0.1104079E-03  -0.8559636E-04  -0.6065115E-04  -0.3863067E-04  -0.1152718E-04   0.1015834E-04   0.3262763E-04   0.6479968E-04   0.8041608E-04   0.1005544E-03   0.1118245E-03   0.1455756E-03   0.3068839E-03   0.1783509E-03   0.1836875E-03   0.1718164E-03
-0.2543614E-03  -0.2303450E-03  -0.2097753E-03  -0.1903138E-03  -0.1853675E-03  -0.1636288E-03  -0.1259867E-03  -0.1175135E-03  -0.9588098E-04  -0.7184491E-04  -0.4866109E-04  -0.1410532E-04   0.7586238E-05   0.2851014E-04   0.6056691E-04   0.8930829E-04   0.1192356E-03   0.1252688E-03   0.1493560E-03   0.1783509E-03   0.3415844E-03   0.2035284E-03   0.1997713E-03
-0.2596219E-03  -0.2366889E-03  -0.2224878E-03  -0.2075808E-03  -0.1890470E-03  -0.1734569E-03  -0.1409555E-03  -0.1295741E-03  -0.9344597E-04  -0.7212950E-04  -0.5668653E-04  -0.2134187E-04   0.4157945E-05   0.2504526E-04   0.6450051E-04   0.8744348E-04   0.1147591E-03   0.1253034E-03   0.1653171E-03   0.1836875E-03   0.2035284E-03   0.3681453E-03   0.2289768E-03
-0.2502884E-03  -0.2357732E-03  -0.2210904E-03  -0.2039525E-03  -0.1751016E-03  -0.1611801E-03  -0.1386144E-03  -0.1205668E-03  -0.9986928E-04  -0.7398827E-04  -0.5158297E-04  -0.2581754E-04  -0.3277988E-05   0.1648201E-04   0.5603977E-04   0.8395872E-04   0.1131171E-03   0.1279893E-03   0.1576884E-03   0.1718164E-03   0.1997713E-03   0.2289768E-03   0.3686024E-03
