0.1273345E-02   0.7383911E-03   0.5797854E-03   0.4497208E-03   0.3565205E-03   0.2863102E-03   0.2221509E-03   0.1382785E-03   0.1147571E-03   0.3102233E-04  -0.2126588E-04  -0.8399296E-04  -0.1235758E-03  -0.1660341E-03  -0.2116631E-03  -0.2452035E-03  -0.2705757E-03  -0.3225778E-03  -0.3522596E-03  -0.3647127E-03  -0.3931429E-03  -0.3960762E-03  -0.4110608E-03  -0.4154620E-03
0.7383911E-03   0.1109458E-02   0.5696605E-03   0.4428428E-03   0.3691325E-03   0.2931624E-03   0.1972023E-03   0.1470519E-03   0.1194895E-03   0.4185316E-04  -0.1528169E-04  -0.7104058E-04  -0.1381619E-03  -0.1660071E-03  -0.1952397E-03  -0.2335123E-03  -0.2713489E-03  -0.3018030E-03  -0.3397871E-03  -0.3463189E-03  -0.3955093E-03  -0.3521596E-03  -0.3951734E-03  -0.4124095E-03
0.5797854E-03   0.5696605E-03   0.8364320E-03   0.4100111E-03   0.3482236E-03   0.2873683E-03   0.2027628E-03   0.1530726E-03   0.1049429E-03   0.5461386E-04  -0.1582632E-04  -0.6286245E-04  -0.1001565E-03  -0.1292519E-03  -0.1707366E-03  -0.2151562E-03  -0.2490872E-03  -0.2793394E-03  -0.2828360E-03  -0.3019191E-03  -0.3315418E-03  -0.3466352E-03  -0.3660469E-03  -0.3395766E-03
0.4497208E-03   0.4428428E-03   0.4100111E-03   0.7220358E-03   0.3221490E-03   0.2807498E-03   0.2023052E-03   0.1563763E-03   0.1293952E-03   0.6024282E-04   0.2755106E-04  -0.5270217E-04  -0.8111065E-04  -0.1086003E-03  -0.1432063E-03  -0.1878287E-03  -0.2364799E-03  -0.2478174E-03  -0.2707387E-03  -0.2870967E-03  -0.3098069E-03  -0.3034424E-03  -0.3327488E-03  -0.3099752E-03
0.3565205E-03   0.3691325E-03   0.3482236E-03   0.3221490E-03   0.6913044E-03   0.2649597E-03   0.1748860E-03   0.1630699E-03   0.1176524E-03   0.5931127E-04   0.2104770E-04  -0.4264183E-04  -0.7942685E-04  -0.1039987E-03  -0.1448603E-03  -0.1594592E-03  -0.2042096E-03  -0.2209562E-03  -0.2446654E-03  -0.2551024E-03  -0.2724892E-03  -0.2906724E-03  -0.2940810E-03  -0.2721811E-03
0.2863102E-03   0.2931624E-03   0.2873683E-03   0.2807498E-03   0.2649597E-03   0.5872546E-03   0.1966927E-03   0.1591935E-03   0.1307654E-03   0.5800578E-04   0.4303001E-04  -0.1902072E-04  -0.6209608E-04  -0.7644381E-04  -0.1210534E-03  -0.1443042E-03  -0.1725170E-03  -0.1931021E-03  -0.2121152E-03  -0.2474709E-03  -0.2379902E-03  -0.2587773E-03  -0.2794695E-03  -0.2706309E-03
0.2221509E-03   0.1972023E-03   0.2027628E-03   0.2023052E-03   0.1748860E-03   0.1966927E-03   0.4931289E-03   0.1715923E-03   0.1182135E-03   0.7049254E-04   0.5355583E-04   0.6661037E-05  -0.2226808E-04  -0.6500746E-04  -0.8855094E-04  -0.1147018E-03  -0.1296347E-03  -0.1664446E-03  -0.1811907E-03  -0.2017919E-03  -0.2162674E-03  -0.2243680E-03  -0.2300577E-03  -0.2250911E-03
0.1382785E-03   0.1470519E-03   0.1530726E-03   0.1563763E-03   0.1630699E-03   0.1591935E-03   0.1715923E-03   0.5743258E-03   0.1555662E-03   0.6924415E-04   0.4916208E-04   0.1250169E-04  -0.8096484E-05  -0.5838010E-04  -0.7623298E-04  -0.1021626E-03  -0.1189501E-03  -0.1474399E-03  -0.1734738E-03  -0.1833394E-03  -0.2094411E-03  -0.2173768E-03  -0.2034823E-03  -0.2081461E-03
0.1147571E-03   0.1194895E-03   0.1049429E-03   0.1293952E-03   0.1176524E-03   0.1307654E-03   0.1182135E-03   0.1555662E-03   0.4438439E-03   0.9304005E-04   0.5915331E-04   0.2275418E-04   0.1337280E-04  -0.3475973E-04  -0.6164534E-04  -0.7853820E-04  -0.9589425E-04  -0.1301681E-03  -0.1383204E-03  -0.1486845E-03  -0.1723486E-03  -0.1855548E-03  -0.1974179E-03  -0.1841938E-03
0.3102233E-04   0.4185316E-04   0.5461386E-04   0.6024282E-04   0.5931127E-04   0.5800578E-04   0.7049254E-04   0.6924415E-04   0.9304005E-04   0.3982102E-03   0.7709935E-04   0.4289409E-04   0.2164045E-04  -0.2415189E-05  -0.2925258E-04  -0.4340696E-04  -0.5989930E-04  -0.8061974E-04  -0.1079634E-03  -0.1184614E-03  -0.1027085E-03  -0.1187412E-03  -0.1382609E-03  -0.1271967E-03
-0.2126588E-04  -0.1528169E-04  -0.1582632E-04   0.2755106E-04   0.2104770E-04   0.4303001E-04   0.5355583E-04   0.4916208E-04   0.5915331E-04   0.7709935E-04   0.4854968E-03   0.7024764E-04   0.1723958E-04   0.4231959E-05  -0.7723541E-05  -0.3221028E-04  -0.3125622E-04  -0.6952972E-04  -0.8290206E-04  -0.7581705E-04  -0.8111994E-04  -0.1034056E-03  -0.1163599E-03  -0.1209393E-03
-0.8399296E-04  -0.7104058E-04  -0.6286245E-04  -0.5270217E-04  -0.4264183E-04  -0.1902072E-04   0.6661037E-05   0.1250169E-04   0.2275418E-04   0.4289409E-04   0.7024764E-04   0.3885542E-03   0.6135465E-04   0.2687616E-04   0.1876254E-04   0.1746871E-04   0.5646432E-05  -0.1151915E-04  -0.1944490E-04  -0.2231582E-04  -0.4188770E-04  -0.5671947E-04  -0.5747618E-04  -0.7372893E-04
-0.1235758E-03  -0.1381619E-03  -0.1001565E-03  -0.8111065E-04  -0.7942685E-04  -0.6209608E-04  -0.2226808E-04  -0.8096484E-05   0.1337280E-04   0.2164045E-04   0.1723958E-04   0.6135465E-04   0.3692576E-03   0.6146789E-04   0.3504582E-04   0.2730887E-04   0.3046051E-04   0.1699552E-04   0.1015780E-05   0.1566283E-04   0.9716798E-05  -0.1836959E-04  -0.1313521E-04  -0.2210049E-04
-0.1660341E-03  -0.1660071E-03  -0.1292519E-03  -0.1086003E-03  -0.1039987E-03  -0.7644381E-04  -0.6500746E-04  -0.5838010E-04  -0.3475973E-04  -0.2415189E-05   0.4231959E-05   0.2687616E-04   0.6146789E-04   0.4348789E-03   0.8172313E-04   0.5643567E-04   0.4040566E-04   0.4503960E-04   0.3216256E-04   0.3167003E-04   0.2735310E-04   0.1617586E-04   0.3899126E-04   0.1903047E-04
-0.2116631E-03  -0.1952397E-03  -0.1707366E-03  -0.1432063E-03  -0.1448603E-03  -0.1210534E-03  -0.8855094E-04  -0.7623298E-04  -0.6164534E-04  -0.2925258E-04  -0.7723541E-05   0.1876254E-04   0.3504582E-04   0.8172313E-04   0.3771636E-03   0.9342279E-04   0.7649947E-04   0.7699955E-04   0.7513378E-04   0.7497855E-04   0.7976959E-04   0.7079208E-04   0.5569472E-04   0.7068142E-04
-0.2452035E-03  -0.2335123E-03  -0.2151562E-03  -0.1878287E-03  -0.1594592E-03  -0.1443042E-03  -0.1147018E-03  -0.1021626E-03  -0.7853820E-04  -0.4340696E-04  -0.3221028E-04   0.1746871E-04   0.2730887E-04   0.5643567E-04   0.9342279E-04   0.3806086E-03   0.1151546E-03   0.1187186E-03   0.1043048E-03   0.1049642E-03   0.1091265E-03   0.1098378E-03   0.9770561E-04   0.1037378E-03
-0.2705757E-03  -0.2713489E-03  -0.2490872E-03  -0.2364799E-03  -0.2042096E-03  -0.1725170E-03  -0.1296347E-03  -0.1189501E-03  -0.9589425E-04  -0.5989930E-04  -0.3125622E-04   0.5646432E-05   0.3046051E-04   0.4040566E-04   0.7649947E-04   0.1151546E-03   0.4892397E-03   0.1406369E-03   0.1318840E-03   0.1245059E-03   0.1465791E-03   0.1384545E-03   0.1349807E-03   0.1335096E-03
-0.3225778E-03  -0.3018030E-03  -0.2793394E-03  -0.2478174E-03  -0.2209562E-03  -0.1931021E-03  -0.1664446E-03  -0.1474399E-03  -0.1301681E-03  -0.8061974E-04  -0.6952972E-04  -0.1151915E-04   0.1699552E-04   0.4503960E-04   0.7699955E-04   0.1187186E-03   0.1406369E-03   0.4491177E-03   0.1994294E-03   0.1700681E-03   0.1829030E-03   0.1874437E-03   0.2000711E-03   0.1937022E-03
-0.3522596E-03  -0.3397871E-03  -0.2828360E-03  -0.2707387E-03  -0.2446654E-03  -0.2121152E-03  -0.1811907E-03  -0.1734738E-03  -0.1383204E-03  -0.1079634E-03  -0.8290206E-04  -0.1944490E-04   0.1015780E-05   0.3216256E-04   0.7513378E-04   0.1043048E-03   0.1318840E-03   0.1994294E-03   0.5121117E-03   0.2190865E-03   0.2167850E-03   0.2279394E-03   0.2254198E-03   0.2195156E-03
-0.3647127E-03  -0.3463189E-03  -0.3019191E-03  -0.2870967E-03  -0.2551024E-03  -0.2474709E-03  -0.2017919E-03  -0.1833394E-03  -0.1486845E-03  -0.1184614E-03  -0.7581705E-04  -0.2231582E-04   0.1566283E-04   0.3167003E-04   0.7497855E-04   0.1049642E-03   0.1245059E-03   0.1700681E-03   0.2190865E-03   0.5798691E-03   0.2641144E-03   0.2296309E-03   0.2428691E-03   0.2439155E-03
-0.3931429E-03  -0.3955093E-03  -0.3315418E-03  -0.3098069E-03  -0.2724892E-03  -0.2379902E-03  -0.2162674E-03  -0.2094411E-03  -0.1723486E-03  -0.1027085E-03  -0.8111994E-04  -0.4188770E-04   0.9716798E-05   0.2735310E-04   0.7976959E-04   0.1091265E-03   0.1465791E-03   0.1829030E-03   0.2167850E-03   0.2641144E-03   0.5859589E-03   0.2870778E-03   0.2781521E-03   0.2800719E-03
-0.3960762E-03  -0.3521596E-03  -0.3466352E-03  -0.3034424E-03  -0.2906724E-03  -0.2587773E-03  -0.2243680E-03  -0.2173768E-03  -0.1855548E-03  -0.1187412E-03  -0.1034056E-03  -0.5671947E-04  -0.1836959E-04   0.1617586E-04   0.7079208E-04   0.1098378E-03   0.1384545E-03   0.1874437E-03   0.2279394E-03   0.2296309E-03   0.2870778E-03   0.6240373E-03   0.3379599E-03   0.3049003E-03
-0.4110608E-03  -0.3951734E-03  -0.3660469E-03  -0.3327488E-03  -0.2940810E-03  -0.2794695E-03  -0.2300577E-03  -0.2034823E-03  -0.1974179E-03  -0.1382609E-03  -0.1163599E-03  -0.5747618E-04  -0.1313521E-04   0.3899126E-04   0.5569472E-04   0.9770561E-04   0.1349807E-03   0.2000711E-03   0.2254198E-03   0.2428691E-03   0.2781521E-03   0.3379599E-03   0.6990328E-03   0.3616023E-03
-0.4154620E-03  -0.4124095E-03  -0.3395766E-03  -0.3099752E-03  -0.2721811E-03  -0.2706309E-03  -0.2250911E-03  -0.2081461E-03  -0.1841938E-03  -0.1271967E-03  -0.1209393E-03  -0.7372893E-04  -0.2210049E-04   0.1903047E-04   0.7068142E-04   0.1037378E-03   0.1335096E-03   0.1937022E-03   0.2195156E-03   0.2439155E-03   0.2800719E-03   0.3049003E-03   0.3616023E-03   0.6614893E-03
