0.9101408E-03   0.4785402E-03   0.3981488E-03   0.3168624E-03   0.2450842E-03   0.1938887E-03   0.1410886E-03   0.7699207E-04   0.5956704E-04   0.1164596E-04  -0.1073209E-04  -0.6239500E-04  -0.8995140E-04  -0.1224677E-03  -0.1361761E-03  -0.1609623E-03  -0.1838972E-03  -0.1961163E-03  -0.2450674E-03  -0.2555876E-03  -0.2554555E-03  -0.2760881E-03  -0.2767040E-03  -0.2744227E-03
0.4785402E-03   0.7847497E-03   0.3648455E-03   0.2968757E-03   0.2295962E-03   0.1877902E-03   0.1386190E-03   0.9935725E-04   0.7048161E-04   0.2449150E-04  -0.1582131E-04  -0.5979049E-04  -0.1023074E-03  -0.1098663E-03  -0.1264208E-03  -0.1616747E-03  -0.1745966E-03  -0.1873052E-03  -0.2111278E-03  -0.2525612E-03  -0.2344163E-03  -0.2541299E-03  -0.2535482E-03  -0.2709913E-03
0.3981488E-03   0.3648455E-03   0.6264719E-03   0.2889765E-03   0.2413404E-03   0.1849752E-03   0.1305781E-03   0.8996038E-04   0.6446887E-04   0.1660144E-04  -0.2158266E-04  -0.4263319E-04  -0.8347646E-04  -0.8869303E-04  -0.1154557E-03  -0.1418821E-03  -0.1623499E-03  -0.1744904E-03  -0.1829644E-03  -0.2163664E-03  -0.2195973E-03  -0.2305950E-03  -0.2380028E-03  -0.2369040E-03
0.3168624E-03   0.2968757E-03   0.2889765E-03   0.5615826E-03   0.2414245E-03   0.1784018E-03   0.1256551E-03   0.8831267E-04   0.7089477E-04   0.3299642E-04   0.6481550E-05  -0.3081678E-04  -0.6811034E-04  -0.7288708E-04  -0.9779525E-04  -0.1320306E-03  -0.1599969E-03  -0.1540517E-03  -0.1728601E-03  -0.2076264E-03  -0.1927165E-03  -0.2151125E-03  -0.2340715E-03  -0.2305690E-03
0.2450842E-03   0.2295962E-03   0.2413404E-03   0.2414245E-03   0.5580705E-03   0.1822423E-03   0.1348189E-03   0.1011341E-03   0.8113984E-04   0.4166620E-04   0.1092671E-04  -0.2961422E-04  -0.6412932E-04  -0.8835326E-04  -0.1051057E-03  -0.1173462E-03  -0.1359466E-03  -0.1566554E-03  -0.1666875E-03  -0.1863651E-03  -0.1805096E-03  -0.2063136E-03  -0.2091947E-03  -0.2060921E-03
0.1938887E-03   0.1877902E-03   0.1849752E-03   0.1784018E-03   0.1822423E-03   0.4312034E-03   0.1491696E-03   0.1028078E-03   0.9064733E-04   0.3554370E-04   0.2636271E-04  -0.6308009E-06  -0.4153296E-04  -0.5379035E-04  -0.7983468E-04  -0.9719372E-04  -0.1253037E-03  -0.1269102E-03  -0.1498869E-03  -0.1671293E-03  -0.1755038E-03  -0.1741812E-03  -0.1770825E-03  -0.1957184E-03
0.1410886E-03   0.1386190E-03   0.1305781E-03   0.1256551E-03   0.1348189E-03   0.1491696E-03   0.3928062E-03   0.1146165E-03   0.7614525E-04   0.4825777E-04   0.3789971E-04   0.1055905E-04  -0.2139625E-05  -0.4870521E-04  -0.6133660E-04  -0.8169643E-04  -0.1020861E-03  -0.1163384E-03  -0.1266907E-03  -0.1577362E-03  -0.1538577E-03  -0.1565899E-03  -0.1593308E-03  -0.1654455E-03
0.7699207E-04   0.9935725E-04   0.8996038E-04   0.8831267E-04   0.1011341E-03   0.1028078E-03   0.1146165E-03   0.4403143E-03   0.1005797E-03   0.4993142E-04   0.4749977E-04   0.3463684E-05  -0.1661847E-04  -0.4661093E-04  -0.5272908E-04  -0.7966498E-04  -0.8313997E-04  -0.8925245E-04  -0.1190935E-03  -0.1460724E-03  -0.1342120E-03  -0.1339409E-03  -0.1363279E-03  -0.1256756E-03
0.5956704E-04   0.7048161E-04   0.6446887E-04   0.7089477E-04   0.8113984E-04   0.9064733E-04   0.7614525E-04   0.1005797E-03   0.3506355E-03   0.6914671E-04   0.3398354E-04   0.1080632E-04   0.1357130E-05  -0.2467906E-04  -0.3590989E-04  -0.5877225E-04  -0.6416913E-04  -0.8564744E-04  -0.9290557E-04  -0.1018841E-03  -0.1150559E-03  -0.1182853E-03  -0.1275127E-03  -0.1255468E-03
0.1164596E-04   0.2449150E-04   0.1660144E-04   0.3299642E-04   0.4166620E-04   0.3554370E-04   0.4825777E-04   0.4993142E-04   0.6914671E-04   0.3377796E-03   0.5669057E-04   0.3421734E-04   0.8308726E-05  -0.1335818E-04  -0.1873562E-04  -0.2494563E-04  -0.4422103E-04  -0.5523283E-04  -0.6626712E-04  -0.8037150E-04  -0.7765999E-04  -0.8283803E-04  -0.9612625E-04  -0.1027464E-03
-0.1073209E-04  -0.1582131E-04  -0.2158266E-04   0.6481550E-05   0.1092671E-04   0.2636271E-04   0.3789971E-04   0.4749977E-04   0.3398354E-04   0.5669057E-04   0.3677158E-03   0.4821686E-04  -0.4818929E-06   0.8590527E-05  -0.3834686E-05  -0.2061929E-04  -0.2131764E-04  -0.4962674E-04  -0.5752337E-04  -0.5723382E-04  -0.7317975E-04  -0.6450296E-04  -0.8302466E-04  -0.7930108E-04
-0.6239500E-04  -0.5979049E-04  -0.4263319E-04  -0.3081678E-04  -0.2961422E-04  -0.6308009E-06   0.1055905E-04   0.3463684E-05   0.1080632E-04   0.3421734E-04   0.4821686E-04   0.3010298E-03   0.4645473E-04   0.1971310E-04   0.9861093E-05   0.9662198E-05   0.6811418E-05  -0.1445877E-04  -0.1894821E-04  -0.3310189E-04  -0.2544230E-04  -0.3325093E-04  -0.5018196E-04  -0.4949019E-04
-0.8995140E-04  -0.1023074E-03  -0.8347646E-04  -0.6811034E-04  -0.6412932E-04  -0.4153296E-04  -0.2139625E-05  -0.1661847E-04   0.1357130E-05   0.8308726E-05  -0.4818929E-06   0.4645473E-04   0.2953613E-03   0.3694850E-04   0.2727888E-04   0.1444529E-04   0.2171711E-04   0.1070864E-04   0.4579022E-05   0.1163096E-04   0.4982473E-05   0.9638714E-05  -0.2479537E-05  -0.1415255E-04
-0.1224677E-03  -0.1098663E-03  -0.8869303E-04  -0.7288708E-04  -0.8835326E-04  -0.5379035E-04  -0.4870521E-04  -0.4661093E-04  -0.2467906E-04  -0.1335818E-04   0.8590527E-05   0.1971310E-04   0.3694850E-04   0.3681174E-03   0.5411044E-04   0.4435208E-04   0.3130718E-04   0.2024890E-04   0.1786106E-04   0.2447533E-04   0.6281861E-05   0.7359665E-05   0.1525255E-04   0.1517407E-04
-0.1361761E-03  -0.1264208E-03  -0.1154557E-03  -0.9779525E-04  -0.1051057E-03  -0.7983468E-04  -0.6133660E-04  -0.5272908E-04  -0.3590989E-04  -0.1873562E-04  -0.3834686E-05   0.9861093E-05   0.2727888E-04   0.5411044E-04   0.3186026E-03   0.7495909E-04   0.5481844E-04   0.2568025E-04   0.4308345E-04   0.5465192E-04   0.3062137E-04   0.3070597E-04   0.3002170E-04   0.4110556E-04
-0.1609623E-03  -0.1616747E-03  -0.1418821E-03  -0.1320306E-03  -0.1173462E-03  -0.9719372E-04  -0.8169643E-04  -0.7966498E-04  -0.5877225E-04  -0.2494563E-04  -0.2061929E-04   0.9662198E-05   0.1444529E-04   0.4435208E-04   0.7495909E-04   0.3282617E-03   0.6794533E-04   0.6797069E-04   0.6197316E-04   0.7263327E-04   0.6657254E-04   0.6414167E-04   0.5617972E-04   0.6937850E-04
-0.1838972E-03  -0.1745966E-03  -0.1623499E-03  -0.1599969E-03  -0.1359466E-03  -0.1253037E-03  -0.1020861E-03  -0.8313997E-04  -0.6416913E-04  -0.4422103E-04  -0.2131764E-04   0.6811418E-05   0.2171711E-04   0.3130718E-04   0.5481844E-04   0.6794533E-04   0.3984155E-03   0.8029464E-04   0.8386933E-04   0.8972618E-04   0.8860775E-04   0.8281238E-04   0.7975711E-04   0.9147490E-04
-0.1961163E-03  -0.1873052E-03  -0.1744904E-03  -0.1540517E-03  -0.1566554E-03  -0.1269102E-03  -0.1163384E-03  -0.8925245E-04  -0.8564744E-04  -0.5523283E-04  -0.4962674E-04  -0.1445877E-04   0.1070864E-04   0.2024890E-04   0.2568025E-04   0.6797069E-04   0.8029464E-04   0.3588518E-03   0.1206191E-03   0.1088919E-03   0.1059633E-03   0.1248381E-03   0.1265919E-03   0.1267566E-03
-0.2450674E-03  -0.2111278E-03  -0.1829644E-03  -0.1728601E-03  -0.1666875E-03  -0.1498869E-03  -0.1266907E-03  -0.1190935E-03  -0.9290557E-04  -0.6626712E-04  -0.5752337E-04  -0.1894821E-04   0.4579022E-05   0.1786106E-04   0.4308345E-04   0.6197316E-04   0.8386933E-04   0.1206191E-03   0.3947308E-03   0.1521029E-03   0.1382192E-03   0.1492130E-03   0.1323935E-03   0.1470523E-03
-0.2555876E-03  -0.2525612E-03  -0.2163664E-03  -0.2076264E-03  -0.1863651E-03  -0.1671293E-03  -0.1577362E-03  -0.1460724E-03  -0.1018841E-03  -0.8037150E-04  -0.5723382E-04  -0.3310189E-04   0.1163096E-04   0.2447533E-04   0.5465192E-04   0.7263327E-04   0.8972618E-04   0.1088919E-03   0.1521029E-03   0.4793013E-03   0.1776087E-03   0.1691201E-03   0.1685773E-03   0.1678367E-03
-0.2554555E-03  -0.2344163E-03  -0.2195973E-03  -0.1927165E-03  -0.1805096E-03  -0.1755038E-03  -0.1538577E-03  -0.1342120E-03  -0.1150559E-03  -0.7765999E-04  -0.7317975E-04  -0.2544230E-04   0.4982473E-05   0.6281861E-05   0.3062137E-04   0.6657254E-04   0.8860775E-04   0.1059633E-03   0.1382192E-03   0.1776087E-03   0.4470784E-03   0.1989783E-03   0.1861291E-03   0.1845764E-03
-0.2760881E-03  -0.2541299E-03  -0.2305950E-03  -0.2151125E-03  -0.2063136E-03  -0.1741812E-03  -0.1565899E-03  -0.1339409E-03  -0.1182853E-03  -0.8283803E-04  -0.6450296E-04  -0.3325093E-04   0.9638714E-05   0.7359665E-05   0.3070597E-04   0.6414167E-04   0.8281238E-04   0.1248381E-03   0.1492130E-03   0.1691201E-03   0.1989783E-03   0.4570925E-03   0.2244481E-03   0.2098151E-03
-0.2767040E-03  -0.2535482E-03  -0.2380028E-03  -0.2340715E-03  -0.2091947E-03  -0.1770825E-03  -0.1593308E-03  -0.1363279E-03  -0.1275127E-03  -0.9612625E-04  -0.8302466E-04  -0.5018196E-04  -0.2479537E-05   0.1525255E-04   0.3002170E-04   0.5617972E-04   0.7975711E-04   0.1265919E-03   0.1323935E-03   0.1685773E-03   0.1861291E-03   0.2244481E-03   0.5328934E-03   0.2497867E-03
-0.2744227E-03  -0.2709913E-03  -0.2369040E-03  -0.2305690E-03  -0.2060921E-03  -0.1957184E-03  -0.1654455E-03  -0.1256756E-03  -0.1255468E-03  -0.1027464E-03  -0.7930108E-04  -0.4949019E-04  -0.1415255E-04   0.1517407E-04   0.4110556E-04   0.6937850E-04   0.9147490E-04   0.1267566E-03   0.1470523E-03   0.1678367E-03   0.1845764E-03   0.2098151E-03   0.2497867E-03   0.5020896E-03
