0.7337850E-03   0.4332163E-03   0.3738063E-03   0.3026048E-03   0.2310002E-03   0.2014187E-03   0.1423627E-03   0.8667221E-04   0.5995599E-04   0.1888491E-04  -0.7519813E-05  -0.4102666E-04  -0.8297882E-04  -0.1032125E-03  -0.1215489E-03  -0.1481885E-03  -0.1745423E-03  -0.1969429E-03  -0.2102111E-03  -0.2354141E-03  -0.2389794E-03  -0.2610224E-03  -0.2568991E-03  -0.2500854E-03
0.4332163E-03   0.5897143E-03   0.3467371E-03   0.2720956E-03   0.2180182E-03   0.1847811E-03   0.1465378E-03   0.9066661E-04   0.6542900E-04   0.2145162E-04  -0.1186756E-04  -0.3228451E-04  -0.6423150E-04  -0.9581546E-04  -0.1132727E-03  -0.1402634E-03  -0.1676316E-03  -0.1837045E-03  -0.1805233E-03  -0.2157220E-03  -0.2090956E-03  -0.2444836E-03  -0.2322662E-03  -0.2378874E-03
0.3738063E-03   0.3467371E-03   0.4884999E-03   0.2717755E-03   0.2128878E-03   0.1795248E-03   0.1436943E-03   0.8564409E-04   0.7220312E-04   0.2807217E-04  -0.4990732E-05  -0.2769438E-04  -0.6588907E-04  -0.8433712E-04  -0.1076031E-03  -0.1220341E-03  -0.1552507E-03  -0.1686826E-03  -0.1781247E-03  -0.2061198E-03  -0.2024360E-03  -0.2206927E-03  -0.2186480E-03  -0.2260339E-03
0.3026048E-03   0.2720956E-03   0.2717755E-03   0.4109773E-03   0.2118355E-03   0.1741685E-03   0.1368252E-03   0.9515752E-04   0.7215755E-04   0.3534200E-04   0.5575842E-05  -0.1372340E-04  -0.5359544E-04  -0.6415587E-04  -0.8218714E-04  -0.1071329E-03  -0.1423807E-03  -0.1487634E-03  -0.1622292E-03  -0.1823344E-03  -0.1888906E-03  -0.2112593E-03  -0.2108235E-03  -0.2077260E-03
0.2310002E-03   0.2180182E-03   0.2128878E-03   0.2118355E-03   0.3918010E-03   0.1691217E-03   0.1330028E-03   0.1021403E-03   0.7864485E-04   0.3836475E-04   0.1860467E-04  -0.1432616E-04  -0.4594226E-04  -0.6610993E-04  -0.8530489E-04  -0.9861474E-04  -0.1212284E-03  -0.1403117E-03  -0.1505648E-03  -0.1650957E-03  -0.1712083E-03  -0.1877194E-03  -0.1876457E-03  -0.1782493E-03
0.2014187E-03   0.1847811E-03   0.1795248E-03   0.1741685E-03   0.1691217E-03   0.3027811E-03   0.1292929E-03   0.9042197E-04   0.7525315E-04   0.4705237E-04   0.2303543E-04  -0.4197366E-05  -0.3016304E-04  -0.4480069E-04  -0.7279997E-04  -0.8471877E-04  -0.1148352E-03  -0.1223457E-03  -0.1320113E-03  -0.1435482E-03  -0.1482537E-03  -0.1761650E-03  -0.1663415E-03  -0.1620686E-03
0.1423627E-03   0.1465378E-03   0.1436943E-03   0.1368252E-03   0.1330028E-03   0.1292929E-03   0.2686782E-03   0.1047414E-03   0.7561546E-04   0.4563809E-04   0.3162599E-04   0.7165546E-05  -0.1845652E-04  -0.4054907E-04  -0.5027676E-04  -0.7156128E-04  -0.9590539E-04  -0.1050674E-03  -0.1197011E-03  -0.1336284E-03  -0.1300031E-03  -0.1426903E-03  -0.1502204E-03  -0.1472183E-03
0.8667221E-04   0.9066661E-04   0.8564409E-04   0.9515752E-04   0.1021403E-03   0.9042197E-04   0.1047414E-03   0.2720799E-03   0.7285296E-04   0.5038726E-04   0.3531468E-04   0.1184356E-04  -0.3961027E-05  -0.2642687E-04  -0.3177500E-04  -0.5504549E-04  -0.7363507E-04  -0.8303202E-04  -0.9646146E-04  -0.1051782E-03  -0.1122934E-03  -0.1282558E-03  -0.1270991E-03  -0.1220981E-03
0.5995599E-04   0.6542900E-04   0.7220312E-04   0.7215755E-04   0.7864485E-04   0.7525315E-04   0.7561546E-04   0.7285296E-04   0.2276719E-03   0.5932436E-04   0.2953662E-04   0.1940249E-04   0.3079876E-05  -0.1192055E-04  -0.2345086E-04  -0.5042849E-04  -0.5590945E-04  -0.6568026E-04  -0.7697256E-04  -0.8587291E-04  -0.1001376E-03  -0.1103519E-03  -0.1048032E-03  -0.1125518E-03
0.1888491E-04   0.2145162E-04   0.2807217E-04   0.3534200E-04   0.3836475E-04   0.4705237E-04   0.4563809E-04   0.5038726E-04   0.5932436E-04   0.2217750E-03   0.4826697E-04   0.3168019E-04   0.7725521E-05  -0.1611265E-06  -0.8101369E-05  -0.3522181E-04  -0.3733677E-04  -0.4943834E-04  -0.5518212E-04  -0.6679852E-04  -0.6481366E-04  -0.8189071E-04  -0.7835035E-04  -0.7894378E-04
-0.7519813E-05  -0.1186756E-04  -0.4990732E-05   0.5575842E-05   0.1860467E-04   0.2303543E-04   0.3162599E-04   0.3531468E-04   0.2953662E-04   0.4826697E-04   0.2216809E-03   0.3019744E-04   0.1888426E-04   0.1299765E-04   0.3936004E-05  -0.9302359E-05  -0.2567352E-04  -0.3396388E-04  -0.3828696E-04  -0.3997386E-04  -0.5410801E-04  -0.5871548E-04  -0.6653612E-04  -0.6124328E-04
-0.4102666E-04  -0.3228451E-04  -0.2769438E-04  -0.1372340E-04  -0.1432616E-04  -0.4197366E-05   0.7165546E-05   0.1184356E-04   0.1940249E-04   0.3168019E-04   0.3019744E-04   0.1828683E-03   0.3312103E-04   0.1686345E-04   0.1078236E-04  -0.3127069E-06  -0.3635560E-05  -0.8124534E-05  -0.8152655E-05  -0.2379512E-04  -0.2244199E-04  -0.3165997E-04  -0.3622755E-04  -0.3686163E-04
-0.8297882E-04  -0.6423150E-04  -0.6588907E-04  -0.5359544E-04  -0.4594226E-04  -0.3016304E-04  -0.1845652E-04  -0.3961027E-05   0.3079876E-05   0.7725521E-05   0.1888426E-04   0.3312103E-04   0.1841940E-03   0.3763628E-04   0.2940545E-04   0.1721372E-04   0.2061011E-04   0.1415906E-04   0.9855489E-05   0.8609967E-05   0.6832818E-06   0.2794836E-05  -0.5378726E-05  -0.1104115E-04
-0.1032125E-03  -0.9581546E-04  -0.8433712E-04  -0.6415587E-04  -0.6610993E-04  -0.4480069E-04  -0.4054907E-04  -0.2642687E-04  -0.1192055E-04  -0.1611265E-06   0.1299765E-04   0.1686345E-04   0.3763628E-04   0.2268961E-03   0.4481938E-04   0.3927730E-04   0.3152788E-04   0.2422059E-04   0.2637553E-04   0.1786558E-04   0.1960911E-04   0.1849754E-04   0.6383051E-05   0.7498212E-05
-0.1215489E-03  -0.1132727E-03  -0.1076031E-03  -0.8218714E-04  -0.8530489E-04  -0.7279997E-04  -0.5027676E-04  -0.3177500E-04  -0.2345086E-04  -0.8101369E-05   0.3936004E-05   0.1078236E-04   0.2940545E-04   0.4481938E-04   0.1997511E-03   0.5283537E-04   0.4799660E-04   0.4245494E-04   0.4529661E-04   0.4255502E-04   0.3948676E-04   0.4318367E-04   0.2912240E-04   0.2809232E-04
-0.1481885E-03  -0.1402634E-03  -0.1220341E-03  -0.1071329E-03  -0.9861474E-04  -0.8471877E-04  -0.7156128E-04  -0.5504549E-04  -0.5042849E-04  -0.3522181E-04  -0.9302359E-05  -0.3127069E-06   0.1721372E-04   0.3927730E-04   0.5283537E-04   0.2097732E-03   0.6834609E-04   0.6495193E-04   0.6096767E-04   0.6114001E-04   0.6890690E-04   0.7302305E-04   0.7471826E-04   0.6671880E-04
-0.1745423E-03  -0.1676316E-03  -0.1552507E-03  -0.1423807E-03  -0.1212284E-03  -0.1148352E-03  -0.9590539E-04  -0.7363507E-04  -0.5590945E-04  -0.3733677E-04  -0.2567352E-04  -0.3635560E-05   0.2061011E-04   0.3152788E-04   0.4799660E-04   0.6834609E-04   0.2629405E-03   0.9525643E-04   0.8161670E-04   0.9373546E-04   0.9018636E-04   0.1028268E-03   0.8853539E-04   0.9146335E-04
-0.1969429E-03  -0.1837045E-03  -0.1686826E-03  -0.1487634E-03  -0.1403117E-03  -0.1223457E-03  -0.1050674E-03  -0.8303202E-04  -0.6568026E-04  -0.4943834E-04  -0.3396388E-04  -0.8124534E-05   0.1415906E-04   0.2422059E-04   0.4245494E-04   0.6495193E-04   0.9525643E-04   0.2466949E-03   0.1138389E-03   0.1059740E-03   0.1094392E-03   0.1240036E-03   0.1180650E-03   0.1193109E-03
-0.2102111E-03  -0.1805233E-03  -0.1781247E-03  -0.1622292E-03  -0.1505648E-03  -0.1320113E-03  -0.1197011E-03  -0.9646146E-04  -0.7697256E-04  -0.5518212E-04  -0.3828696E-04  -0.8152655E-05   0.9855489E-05   0.2637553E-04   0.4529661E-04   0.6096767E-04   0.8161670E-04   0.1138389E-03   0.2677932E-03   0.1250366E-03   0.1242335E-03   0.1393293E-03   0.1349197E-03   0.1360749E-03
-0.2354141E-03  -0.2157220E-03  -0.2061198E-03  -0.1823344E-03  -0.1650957E-03  -0.1435482E-03  -0.1336284E-03  -0.1051782E-03  -0.8587291E-04  -0.6679852E-04  -0.3997386E-04  -0.2379512E-04   0.8609967E-05   0.1786558E-04   0.4255502E-04   0.6114001E-04   0.9373546E-04   0.1059740E-03   0.1250366E-03   0.3371932E-03   0.1524614E-03   0.1644423E-03   0.1613766E-03   0.1655147E-03
-0.2389794E-03  -0.2090956E-03  -0.2024360E-03  -0.1888906E-03  -0.1712083E-03  -0.1482537E-03  -0.1300031E-03  -0.1122934E-03  -0.1001376E-03  -0.6481366E-04  -0.5410801E-04  -0.2244199E-04   0.6832818E-06   0.1960911E-04   0.3948676E-04   0.6890690E-04   0.9018636E-04   0.1094392E-03   0.1242335E-03   0.1524614E-03   0.3105204E-03   0.1887514E-03   0.1779531E-03   0.1750681E-03
-0.2610224E-03  -0.2444836E-03  -0.2206927E-03  -0.2112593E-03  -0.1877194E-03  -0.1761650E-03  -0.1426903E-03  -0.1282558E-03  -0.1103519E-03  -0.8189071E-04  -0.5871548E-04  -0.3165997E-04   0.2794836E-05   0.1849754E-04   0.4318367E-04   0.7302305E-04   0.1028268E-03   0.1240036E-03   0.1393293E-03   0.1644423E-03   0.1887514E-03   0.3579472E-03   0.2097232E-03   0.2123488E-03
-0.2568991E-03  -0.2322662E-03  -0.2186480E-03  -0.2108235E-03  -0.1876457E-03  -0.1663415E-03  -0.1502204E-03  -0.1270991E-03  -0.1048032E-03  -0.7835035E-04  -0.6653612E-04  -0.3622755E-04  -0.5378726E-05   0.6383051E-05   0.2912240E-04   0.7471826E-04   0.8853539E-04   0.1180650E-03   0.1349197E-03   0.1613766E-03   0.1779531E-03   0.2097232E-03   0.3915579E-03   0.2240938E-03
-0.2500854E-03  -0.2378874E-03  -0.2260339E-03  -0.2077260E-03  -0.1782493E-03  -0.1620686E-03  -0.1472183E-03  -0.1220981E-03  -0.1125518E-03  -0.7894378E-04  -0.6124328E-04  -0.3686163E-04  -0.1104115E-04   0.7498212E-05   0.2809232E-04   0.6671880E-04   0.9146335E-04   0.1193109E-03   0.1360749E-03   0.1655147E-03   0.1750681E-03   0.2123488E-03   0.2240938E-03   0.3688657E-03
