0.1409017E-02   0.8872253E-03   0.7215729E-03   0.5898193E-03   0.4928372E-03   0.3810948E-03   0.3027561E-03   0.2063354E-03   0.1110310E-03   0.3875838E-04  -0.1252802E-04  -0.8646069E-04  -0.1396744E-03  -0.2011300E-03  -0.2608498E-03  -0.3346239E-03  -0.3453916E-03  -0.3926462E-03  -0.4266994E-03  -0.4312608E-03  -0.4910512E-03  -0.5029162E-03  -0.5234949E-03  -0.5019163E-03
0.8872253E-03   0.1162471E-02   0.6850881E-03   0.5505182E-03   0.4576407E-03   0.3742894E-03   0.2686683E-03   0.2033561E-03   0.1148099E-03   0.4074276E-04   0.9097571E-05  -0.7451549E-04  -0.1139162E-03  -0.1757446E-03  -0.2220097E-03  -0.2929878E-03  -0.3276007E-03  -0.3702849E-03  -0.4057946E-03  -0.3921730E-03  -0.4643344E-03  -0.4650708E-03  -0.4996821E-03  -0.4786482E-03
0.7215729E-03   0.6850881E-03   0.8843336E-03   0.5357028E-03   0.4447795E-03   0.3673873E-03   0.2787433E-03   0.2239785E-03   0.1250189E-03   0.5287379E-04   0.9410617E-05  -0.5250844E-04  -0.1097296E-03  -0.1552441E-03  -0.2179866E-03  -0.2652459E-03  -0.3024177E-03  -0.3458904E-03  -0.3665127E-03  -0.3654687E-03  -0.4008785E-03  -0.4269952E-03  -0.4514796E-03  -0.4420852E-03
0.5898193E-03   0.5505182E-03   0.5357028E-03   0.7686527E-03   0.4253377E-03   0.3551877E-03   0.2833772E-03   0.2381710E-03   0.1537335E-03   0.6690427E-04   0.2925271E-04  -0.3266170E-04  -0.7747826E-04  -0.1256986E-03  -0.1714367E-03  -0.2381898E-03  -0.2750219E-03  -0.3163456E-03  -0.3388321E-03  -0.3446972E-03  -0.3860877E-03  -0.4173670E-03  -0.4353395E-03  -0.4156995E-03
0.4928372E-03   0.4576407E-03   0.4447795E-03   0.4253377E-03   0.7221262E-03   0.3420760E-03   0.2541798E-03   0.2095073E-03   0.1325876E-03   0.8577190E-04   0.2343101E-04  -0.2102726E-04  -0.6341159E-04  -0.1275921E-03  -0.1643150E-03  -0.2228953E-03  -0.2471418E-03  -0.2699606E-03  -0.2997699E-03  -0.3226182E-03  -0.3556126E-03  -0.3732073E-03  -0.3889802E-03  -0.3573484E-03
0.3810948E-03   0.3742894E-03   0.3673873E-03   0.3551877E-03   0.3420760E-03   0.5657735E-03   0.2361950E-03   0.2074279E-03   0.1373976E-03   0.7925595E-04   0.4039752E-04  -0.1516451E-04  -0.4962035E-04  -0.8799330E-04  -0.1239999E-03  -0.1733603E-03  -0.1978446E-03  -0.2411116E-03  -0.2511348E-03  -0.2892699E-03  -0.3002815E-03  -0.3323457E-03  -0.3408586E-03  -0.3364625E-03
0.3027561E-03   0.2686683E-03   0.2787433E-03   0.2833772E-03   0.2541798E-03   0.2361950E-03   0.4861982E-03   0.2172397E-03   0.1436736E-03   0.9547317E-04   0.5816411E-04  -0.3363737E-05  -0.2930613E-04  -0.7431300E-04  -0.1013936E-03  -0.1435741E-03  -0.1614127E-03  -0.1952287E-03  -0.2196983E-03  -0.2404450E-03  -0.2723159E-03  -0.2889860E-03  -0.2994628E-03  -0.2817931E-03
0.2063354E-03   0.2033561E-03   0.2239785E-03   0.2381710E-03   0.2095073E-03   0.2074279E-03   0.2172397E-03   0.5337613E-03   0.1740503E-03   0.1046546E-03   0.8165216E-04   0.1828013E-04  -0.9810124E-05  -0.3900954E-04  -0.7802044E-04  -0.1388282E-03  -0.1560109E-03  -0.1911491E-03  -0.2113083E-03  -0.2280121E-03  -0.2569575E-03  -0.2674671E-03  -0.2773527E-03  -0.2810787E-03
0.1110310E-03   0.1148099E-03   0.1250189E-03   0.1537335E-03   0.1325876E-03   0.1373976E-03   0.1436736E-03   0.1740503E-03   0.3967758E-03   0.1117516E-03   0.7358660E-04   0.3564150E-04   0.1828553E-04  -0.2099350E-04  -0.4732474E-04  -0.7371815E-04  -0.9883562E-04  -0.1290141E-03  -0.1434927E-03  -0.1751669E-03  -0.1896407E-03  -0.2108705E-03  -0.2166066E-03  -0.2018187E-03
0.3875838E-04   0.4074276E-04   0.5287379E-04   0.6690427E-04   0.8577190E-04   0.7925595E-04   0.9547317E-04   0.1046546E-03   0.1117516E-03   0.3508336E-03   0.1040868E-03   0.5325591E-04   0.3384659E-04  -0.4254565E-05  -0.1132838E-04  -0.5112609E-04  -0.7543276E-04  -0.8283381E-04  -0.9690081E-04  -0.1274656E-03  -0.1418383E-03  -0.1532862E-03  -0.1595200E-03  -0.1500464E-03
-0.1252802E-04   0.9097571E-05   0.9410617E-05   0.2925271E-04   0.2343101E-04   0.4039752E-04   0.5816411E-04   0.8165216E-04   0.7358660E-04   0.1040868E-03   0.3945680E-03   0.7260883E-04   0.3830560E-04   0.1122860E-04  -0.9532710E-05  -0.2549825E-04  -0.5303925E-04  -0.7865805E-04  -0.6940133E-04  -0.1011872E-03  -0.1095963E-03  -0.1159945E-03  -0.1299182E-03  -0.1196061E-03
-0.8646069E-04  -0.7451549E-04  -0.5250844E-04  -0.3266170E-04  -0.2102726E-04  -0.1516451E-04  -0.3363737E-05   0.1828013E-04   0.3564150E-04   0.5325591E-04   0.7260883E-04   0.3127130E-03   0.6906464E-04   0.4025000E-04   0.3581958E-04   0.1094868E-04  -0.1127425E-04  -0.2376307E-04  -0.2338086E-04  -0.2969413E-04  -0.4819465E-04  -0.5458183E-04  -0.6148618E-04  -0.5071938E-04
-0.1396744E-03  -0.1139162E-03  -0.1097296E-03  -0.7747826E-04  -0.6341159E-04  -0.4962035E-04  -0.2930613E-04  -0.9810124E-05   0.1828553E-04   0.3384659E-04   0.3830560E-04   0.6906464E-04   0.3053752E-03   0.7072379E-04   0.4455192E-04   0.3024298E-04   0.2896344E-04   0.2260818E-04   0.1242028E-04  -0.2299185E-05  -0.3019309E-05  -0.2199892E-04  -0.1776939E-04  -0.2066646E-04
-0.2011300E-03  -0.1757446E-03  -0.1552441E-03  -0.1256986E-03  -0.1275921E-03  -0.8799330E-04  -0.7431300E-04  -0.3900954E-04  -0.2099350E-04  -0.4254565E-05   0.1122860E-04   0.4025000E-04   0.7072379E-04   0.3551771E-03   0.1010280E-03   0.6950465E-04   0.5826782E-04   0.6529401E-04   0.4991886E-04   0.3930364E-04   0.4663462E-04   0.3270038E-04   0.2747373E-04   0.2305324E-04
-0.2608498E-03  -0.2220097E-03  -0.2179866E-03  -0.1714367E-03  -0.1643150E-03  -0.1239999E-03  -0.1013936E-03  -0.7802044E-04  -0.4732474E-04  -0.1132838E-04  -0.9532710E-05   0.3581958E-04   0.4455192E-04   0.1010280E-03   0.3356836E-03   0.1073412E-03   0.7806362E-04   0.9732397E-04   0.8261586E-04   0.8510415E-04   0.9433113E-04   0.9406165E-04   0.8116654E-04   0.8361376E-04
-0.3346239E-03  -0.2929878E-03  -0.2652459E-03  -0.2381898E-03  -0.2228953E-03  -0.1733603E-03  -0.1435741E-03  -0.1388282E-03  -0.7371815E-04  -0.5112609E-04  -0.2549825E-04   0.1094868E-04   0.3024298E-04   0.6950465E-04   0.1073412E-03   0.3701406E-03   0.1576426E-03   0.1508469E-03   0.1453230E-03   0.1332864E-03   0.1450297E-03   0.1577398E-03   0.1726587E-03   0.1531243E-03
-0.3453916E-03  -0.3276007E-03  -0.3024177E-03  -0.2750219E-03  -0.2471418E-03  -0.1978446E-03  -0.1614127E-03  -0.1560109E-03  -0.9883562E-04  -0.7543276E-04  -0.5303925E-04  -0.1127425E-04   0.2896344E-04   0.5826782E-04   0.7806362E-04   0.1576426E-03   0.4361826E-03   0.1957349E-03   0.1780735E-03   0.1751851E-03   0.1929352E-03   0.1892926E-03   0.1965880E-03   0.1825101E-03
-0.3926462E-03  -0.3702849E-03  -0.3458904E-03  -0.3163456E-03  -0.2699606E-03  -0.2411116E-03  -0.1952287E-03  -0.1911491E-03  -0.1290141E-03  -0.8283381E-04  -0.7865805E-04  -0.2376307E-04   0.2260818E-04   0.6529401E-04   0.9732397E-04   0.1508469E-03   0.1957349E-03   0.4534471E-03   0.2398056E-03   0.2072915E-03   0.2347224E-03   0.2413302E-03   0.2494726E-03   0.2455699E-03
-0.4266994E-03  -0.4057946E-03  -0.3665127E-03  -0.3388321E-03  -0.2997699E-03  -0.2511348E-03  -0.2196983E-03  -0.2113083E-03  -0.1434927E-03  -0.9690081E-04  -0.6940133E-04  -0.2338086E-04   0.1242028E-04   0.4991886E-04   0.8261586E-04   0.1453230E-03   0.1780735E-03   0.2398056E-03   0.4717211E-03   0.2635234E-03   0.2719135E-03   0.2849377E-03   0.2920336E-03   0.2762721E-03
-0.4312608E-03  -0.3921730E-03  -0.3654687E-03  -0.3446972E-03  -0.3226182E-03  -0.2892699E-03  -0.2404450E-03  -0.2280121E-03  -0.1751669E-03  -0.1274656E-03  -0.1011872E-03  -0.2969413E-04  -0.2299185E-05   0.3930364E-04   0.8510415E-04   0.1332864E-03   0.1751851E-03   0.2072915E-03   0.2635234E-03   0.5510561E-03   0.3310849E-03   0.3131453E-03   0.3156164E-03   0.3149206E-03
-0.4910512E-03  -0.4643344E-03  -0.4008785E-03  -0.3860877E-03  -0.3556126E-03  -0.3002815E-03  -0.2723159E-03  -0.2569575E-03  -0.1896407E-03  -0.1418383E-03  -0.1095963E-03  -0.4819465E-04  -0.3019309E-05   0.4663462E-04   0.9433113E-04   0.1450297E-03   0.1929352E-03   0.2347224E-03   0.2719135E-03   0.3310849E-03   0.6002591E-03   0.3900431E-03   0.3784942E-03   0.3609087E-03
-0.5029162E-03  -0.4650708E-03  -0.4269952E-03  -0.4173670E-03  -0.3732073E-03  -0.3323457E-03  -0.2889860E-03  -0.2674671E-03  -0.2108705E-03  -0.1532862E-03  -0.1159945E-03  -0.5458183E-04  -0.2199892E-04   0.3270038E-04   0.9406165E-04   0.1577398E-03   0.1892926E-03   0.2413302E-03   0.2849377E-03   0.3131453E-03   0.3900431E-03   0.6608891E-03   0.4429256E-03   0.4024431E-03
-0.5234949E-03  -0.4996821E-03  -0.4514796E-03  -0.4353395E-03  -0.3889802E-03  -0.3408586E-03  -0.2994628E-03  -0.2773527E-03  -0.2166066E-03  -0.1595200E-03  -0.1299182E-03  -0.6148618E-04  -0.1776939E-04   0.2747373E-04   0.8116654E-04   0.1726587E-03   0.1965880E-03   0.2494726E-03   0.2920336E-03   0.3156164E-03   0.3784942E-03   0.4429256E-03   0.7390682E-03   0.4649628E-03
-0.5019163E-03  -0.4786482E-03  -0.4420852E-03  -0.4156995E-03  -0.3573484E-03  -0.3364625E-03  -0.2817931E-03  -0.2810787E-03  -0.2018187E-03  -0.1500464E-03  -0.1196061E-03  -0.5071938E-04  -0.2066646E-04   0.2305324E-04   0.8361376E-04   0.1531243E-03   0.1825101E-03   0.2455699E-03   0.2762721E-03   0.3149206E-03   0.3609087E-03   0.4024431E-03   0.4649628E-03   0.6736444E-03
