0.7209905E-03   0.3492949E-03   0.2994161E-03   0.2055011E-03   0.1790570E-03   0.1349120E-03   0.1194380E-03   0.6542130E-04   0.3894717E-04   0.5312716E-05   0.3154988E-05  -0.3125064E-04  -0.7094766E-04  -0.7661343E-04  -0.1055730E-03  -0.1191336E-03  -0.1580079E-03  -0.1622263E-03  -0.1762768E-03  -0.1788261E-03  -0.1813780E-03  -0.2043856E-03  -0.2287858E-03  -0.2096205E-03
0.3492949E-03   0.6199282E-03   0.2663676E-03   0.1836336E-03   0.1715175E-03   0.1235057E-03   0.1144046E-03   0.6145338E-04   0.4422109E-04   0.7113948E-05   0.8479209E-05  -0.3324055E-04  -0.5960319E-04  -0.8080840E-04  -0.1042984E-03  -0.1086961E-03  -0.1282908E-03  -0.1441980E-03  -0.1619062E-03  -0.1678069E-03  -0.1713688E-03  -0.1985152E-03  -0.1978756E-03  -0.2002350E-03
0.2994161E-03   0.2663676E-03   0.4996041E-03   0.2021741E-03   0.1655750E-03   0.1271772E-03   0.1192848E-03   0.6228987E-04   0.5364026E-04   0.2571606E-04   0.1082925E-04  -0.1707388E-04  -0.4141034E-04  -0.6769682E-04  -0.9183745E-04  -0.1104025E-03  -0.1376817E-03  -0.1340933E-03  -0.1450744E-03  -0.1627193E-03  -0.1766271E-03  -0.1838717E-03  -0.1923616E-03  -0.1876747E-03
0.2055011E-03   0.1836336E-03   0.2021741E-03   0.4180231E-03   0.1625886E-03   0.1219620E-03   0.1064608E-03   0.6564650E-04   0.5267993E-04   0.1238662E-04   0.3687756E-06  -0.1977172E-04  -0.4070820E-04  -0.5923669E-04  -0.6857169E-04  -0.9098554E-04  -0.1066468E-03  -0.1146481E-03  -0.1333618E-03  -0.1305330E-03  -0.1542789E-03  -0.1486143E-03  -0.1583529E-03  -0.1536678E-03
0.1790570E-03   0.1715175E-03   0.1655750E-03   0.1625886E-03   0.4842503E-03   0.1283376E-03   0.1063546E-03   0.8329531E-04   0.4619384E-04   0.3234222E-04   0.7170055E-05  -0.8286462E-05  -0.4185158E-04  -0.5016397E-04  -0.6369105E-04  -0.8666806E-04  -0.1117873E-03  -0.1201269E-03  -0.1336179E-03  -0.1444360E-03  -0.1504860E-03  -0.1668206E-03  -0.1710470E-03  -0.1563806E-03
0.1349120E-03   0.1235057E-03   0.1271772E-03   0.1219620E-03   0.1283376E-03   0.3637257E-03   0.9551447E-04   0.7080012E-04   0.5487668E-04   0.4146988E-04   0.5251193E-06  -0.6714819E-05  -0.3933285E-04  -0.4028805E-04  -0.5959146E-04  -0.6331978E-04  -0.8690731E-04  -0.9194241E-04  -0.1102931E-03  -0.1167524E-03  -0.1265529E-03  -0.1226744E-03  -0.1328695E-03  -0.1307437E-03
0.1194380E-03   0.1144046E-03   0.1192848E-03   0.1064608E-03   0.1063546E-03   0.9551447E-04   0.3425077E-03   0.6897987E-04   0.4707030E-04   0.3019030E-04   0.2094229E-04  -0.1142858E-04  -0.2257656E-04  -0.4068515E-04  -0.5539594E-04  -0.5604899E-04  -0.8823185E-04  -0.9014336E-04  -0.9292031E-04  -0.1091933E-03  -0.1116743E-03  -0.1123261E-03  -0.1280813E-03  -0.1297788E-03
0.6542130E-04   0.6145338E-04   0.6228987E-04   0.6564650E-04   0.8329531E-04   0.7080012E-04   0.6897987E-04   0.3598031E-03   0.5123368E-04   0.3133242E-04   0.1846304E-04   0.2172064E-04  -0.1051143E-04  -0.2478698E-04  -0.3603049E-04  -0.5364027E-04  -0.7302631E-04  -0.6547939E-04  -0.7556601E-04  -0.9050576E-04  -0.9923010E-04  -0.1017574E-03  -0.1090191E-03  -0.1108572E-03
0.3894717E-04   0.4422109E-04   0.5364026E-04   0.5267993E-04   0.4619384E-04   0.5487668E-04   0.4707030E-04   0.5123368E-04   0.2844233E-03   0.4552263E-04   0.2046829E-04   0.1511218E-04  -0.1080786E-04  -0.1631108E-04  -0.2079834E-04  -0.3009844E-04  -0.5454215E-04  -0.4506750E-04  -0.7314369E-04  -0.7955784E-04  -0.7182590E-04  -0.8479449E-04  -0.9480530E-04  -0.8533362E-04
0.5312716E-05   0.7113948E-05   0.2571606E-04   0.1238662E-04   0.3234222E-04   0.4146988E-04   0.3019030E-04   0.3133242E-04   0.4552263E-04   0.3001490E-03   0.3242407E-04   0.1298959E-04  -0.2722634E-05  -0.1018503E-04  -0.6990604E-05  -0.2371758E-04  -0.4069003E-04  -0.3469946E-04  -0.5065771E-04  -0.5880903E-04  -0.5606793E-04  -0.6415893E-04  -0.6762402E-04  -0.8024904E-04
0.3154988E-05   0.8479209E-05   0.1082925E-04   0.3687756E-06   0.7170055E-05   0.5251193E-06   0.2094229E-04   0.1846304E-04   0.2046829E-04   0.3242407E-04   0.3142660E-03   0.2755230E-04   0.6690546E-05  -0.1806811E-04  -0.1090248E-04  -0.2109089E-04  -0.2084110E-04  -0.3172196E-04  -0.3949473E-04  -0.5492631E-04  -0.5184876E-04  -0.5721882E-04  -0.6687263E-04  -0.4303438E-04
-0.3125064E-04  -0.3324055E-04  -0.1707388E-04  -0.1977172E-04  -0.8286462E-05  -0.6714819E-05  -0.1142858E-04   0.2172064E-04   0.1511218E-04   0.1298959E-04   0.2755230E-04   0.2711069E-03   0.2632813E-04   0.3382123E-05   0.1878772E-04  -0.6641310E-05  -0.8911036E-05  -0.2039139E-04  -0.1949271E-04  -0.3378370E-04  -0.3636552E-04  -0.3547071E-04  -0.3184927E-04  -0.3965001E-04
-0.7094766E-04  -0.5960319E-04  -0.4141034E-04  -0.4070820E-04  -0.4185158E-04  -0.3933285E-04  -0.2257656E-04  -0.1051143E-04  -0.1080786E-04  -0.2722634E-05   0.6690546E-05   0.2632813E-04   0.2469880E-03   0.2638101E-04   0.1557529E-04   0.7646916E-05   0.1549409E-04   0.3227372E-05   0.9236348E-05  -0.7787183E-05   0.4328049E-05   0.3067052E-05  -0.9894377E-05   0.7987218E-06
-0.7661343E-04  -0.8080840E-04  -0.6769682E-04  -0.5923669E-04  -0.5016397E-04  -0.4028805E-04  -0.4068515E-04  -0.2478698E-04  -0.1631108E-04  -0.1018503E-04  -0.1806811E-04   0.3382123E-05   0.2638101E-04   0.3281523E-03   0.4558370E-04   0.1579431E-04   0.1404329E-04   0.8354644E-05   0.1543012E-04   0.1216291E-04   0.1253170E-04   0.6221510E-05   0.9183621E-06   0.2376731E-05
-0.1055730E-03  -0.1042984E-03  -0.9183745E-04  -0.6857169E-04  -0.6369105E-04  -0.5959146E-04  -0.5539594E-04  -0.3603049E-04  -0.2079834E-04  -0.6990604E-05  -0.1090248E-04   0.1878772E-04   0.1557529E-04   0.4558370E-04   0.2783620E-03   0.3014527E-04   0.3112696E-04   0.2757117E-04   0.2743520E-04   0.2461639E-04   0.2409677E-04   0.2159272E-04   0.3507515E-04   0.2869753E-04
-0.1191336E-03  -0.1086961E-03  -0.1104025E-03  -0.9098554E-04  -0.8666806E-04  -0.6331978E-04  -0.5604899E-04  -0.5364027E-04  -0.3009844E-04  -0.2371758E-04  -0.2109089E-04  -0.6641310E-05   0.7646916E-05   0.1579431E-04   0.3014527E-04   0.2756734E-03   0.5506866E-04   0.4571724E-04   0.4274490E-04   0.4422098E-04   0.4823303E-04   0.5325900E-04   0.5494552E-04   0.4557499E-04
-0.1580079E-03  -0.1282908E-03  -0.1376817E-03  -0.1066468E-03  -0.1117873E-03  -0.8690731E-04  -0.8823185E-04  -0.7302631E-04  -0.5454215E-04  -0.4069003E-04  -0.2084110E-04  -0.8911036E-05   0.1549409E-04   0.1404329E-04   0.3112696E-04   0.5506866E-04   0.3422712E-03   0.7135972E-04   0.5990339E-04   0.7701194E-04   0.7437993E-04   0.6533435E-04   0.6183535E-04   0.6594825E-04
-0.1622263E-03  -0.1441980E-03  -0.1340933E-03  -0.1146481E-03  -0.1201269E-03  -0.9194241E-04  -0.9014336E-04  -0.6547939E-04  -0.4506750E-04  -0.3469946E-04  -0.3172196E-04  -0.2039139E-04   0.3227372E-05   0.8354644E-05   0.2757117E-04   0.4571724E-04   0.7135972E-04   0.3060360E-03   0.8638399E-04   0.8246203E-04   0.7670371E-04   0.8782864E-04   0.8212637E-04   0.8574069E-04
-0.1762768E-03  -0.1619062E-03  -0.1450744E-03  -0.1333618E-03  -0.1336179E-03  -0.1102931E-03  -0.9292031E-04  -0.7556601E-04  -0.7314369E-04  -0.5065771E-04  -0.3949473E-04  -0.1949271E-04   0.9236348E-05   0.1543012E-04   0.2743520E-04   0.4274490E-04   0.5990339E-04   0.8638399E-04   0.3266352E-03   0.1095072E-03   0.9274613E-04   0.1089010E-03   0.1089727E-03   0.1099298E-03
-0.1788261E-03  -0.1678069E-03  -0.1627193E-03  -0.1305330E-03  -0.1444360E-03  -0.1167524E-03  -0.1091933E-03  -0.9050576E-04  -0.7955784E-04  -0.5880903E-04  -0.5492631E-04  -0.3378370E-04  -0.7787183E-05   0.1216291E-04   0.2461639E-04   0.4422098E-04   0.7701194E-04   0.8246203E-04   0.1095072E-03   0.3765515E-03   0.1215312E-03   0.1220320E-03   0.1211518E-03   0.1237876E-03
-0.1813780E-03  -0.1713688E-03  -0.1766271E-03  -0.1542789E-03  -0.1504860E-03  -0.1265529E-03  -0.1116743E-03  -0.9923010E-04  -0.7182590E-04  -0.5606793E-04  -0.5184876E-04  -0.3636552E-04   0.4328049E-05   0.1253170E-04   0.2409677E-04   0.4823303E-04   0.7437993E-04   0.7670371E-04   0.9274613E-04   0.1215312E-03   0.3647659E-03   0.1427373E-03   0.1340398E-03   0.1442442E-03
-0.2043856E-03  -0.1985152E-03  -0.1838717E-03  -0.1486143E-03  -0.1668206E-03  -0.1226744E-03  -0.1123261E-03  -0.1017574E-03  -0.8479449E-04  -0.6415893E-04  -0.5721882E-04  -0.3547071E-04   0.3067052E-05   0.6221510E-05   0.2159272E-04   0.5325900E-04   0.6533435E-04   0.8782864E-04   0.1089010E-03   0.1220320E-03   0.1427373E-03   0.3871939E-03   0.1687486E-03   0.1477166E-03
-0.2287858E-03  -0.1978756E-03  -0.1923616E-03  -0.1583529E-03  -0.1710470E-03  -0.1328695E-03  -0.1280813E-03  -0.1090191E-03  -0.9480530E-04  -0.6762402E-04  -0.6687263E-04  -0.3184927E-04  -0.9894377E-05   0.9183621E-06   0.3507515E-04   0.5494552E-04   0.6183535E-04   0.8212637E-04   0.1089727E-03   0.1211518E-03   0.1340398E-03   0.1687486E-03   0.4661843E-03   0.1890562E-03
-0.2096205E-03  -0.2002350E-03  -0.1876747E-03  -0.1536678E-03  -0.1563806E-03  -0.1307437E-03  -0.1297788E-03  -0.1108572E-03  -0.8533362E-04  -0.8024904E-04  -0.4303438E-04  -0.3965001E-04   0.7987218E-06   0.2376731E-05   0.2869753E-04   0.4557499E-04   0.6594825E-04   0.8574069E-04   0.1099298E-03   0.1237876E-03   0.1442442E-03   0.1477166E-03   0.1890562E-03   0.4049171E-03
