0.9114368E-03   0.4799430E-03   0.3990364E-03   0.3231932E-03   0.2624775E-03   0.2049664E-03   0.1448182E-03   0.1125128E-03   0.6158600E-04   0.2804992E-04   0.8179138E-05  -0.3732074E-04  -0.9219297E-04  -0.9610936E-04  -0.1176710E-03  -0.1631371E-03  -0.1646543E-03  -0.1776056E-03  -0.2070856E-03  -0.2509797E-03  -0.2557749E-03  -0.2627154E-03  -0.2766309E-03  -0.2744713E-03  -0.2744468E-03
0.4799430E-03   0.7865690E-03   0.3660274E-03   0.2994070E-03   0.2490987E-03   0.1928124E-03   0.1417534E-03   0.1326871E-03   0.6991160E-04   0.4323197E-04   0.8300290E-05  -0.3141759E-04  -0.9410613E-04  -0.1044754E-03  -0.1119085E-03  -0.1442540E-03  -0.1717692E-03  -0.1629951E-03  -0.2029063E-03  -0.2196929E-03  -0.2491434E-03  -0.2387813E-03  -0.2532966E-03  -0.2558156E-03  -0.2693696E-03
0.3990364E-03   0.3660274E-03   0.6273126E-03   0.2980352E-03   0.2474381E-03   0.1974204E-03   0.1315927E-03   0.1161368E-03   0.7632514E-04   0.3392975E-04  -0.7518456E-06  -0.2897170E-04  -0.7909634E-04  -0.8026580E-04  -0.9012038E-04  -0.1332325E-03  -0.1577269E-03  -0.1565055E-03  -0.1827119E-03  -0.1877158E-03  -0.2177268E-03  -0.2253899E-03  -0.2292474E-03  -0.2382683E-03  -0.2345085E-03
0.3231932E-03   0.2994070E-03   0.2980352E-03   0.6296683E-03   0.2565379E-03   0.1892106E-03   0.1321250E-03   0.1097406E-03   0.7321169E-04   0.5649493E-04   0.1192975E-04  -0.1291943E-04  -0.6053685E-04  -0.6490241E-04  -0.8133734E-04  -0.1189714E-03  -0.1466920E-03  -0.1558101E-03  -0.1596869E-03  -0.1830833E-03  -0.2245466E-03  -0.2094474E-03  -0.2265297E-03  -0.2401639E-03  -0.2444093E-03
0.2624775E-03   0.2490987E-03   0.2474381E-03   0.2565379E-03   0.5869559E-03   0.1854912E-03   0.1273803E-03   0.1064298E-03   0.7121949E-04   0.5242963E-04   0.2352518E-04  -0.2094775E-04  -0.5988743E-04  -0.7412442E-04  -0.9103194E-04  -0.1180346E-03  -0.1259600E-03  -0.1407804E-03  -0.1624322E-03  -0.1736643E-03  -0.1842928E-03  -0.1858641E-03  -0.2049868E-03  -0.2091775E-03  -0.2045639E-03
0.2049664E-03   0.1928124E-03   0.1974204E-03   0.1892106E-03   0.1854912E-03   0.4392604E-03   0.1554828E-03   0.1321031E-03   0.1007101E-03   0.5337625E-04   0.3712672E-04   0.5318094E-05  -0.3186723E-04  -0.5160426E-04  -0.7312922E-04  -0.1063270E-03  -0.1121585E-03  -0.1157616E-03  -0.1534168E-03  -0.1530283E-03  -0.1701898E-03  -0.1733895E-03  -0.1751596E-03  -0.1787587E-03  -0.1955903E-03
0.1448182E-03   0.1417534E-03   0.1315927E-03   0.1321250E-03   0.1273803E-03   0.1554828E-03   0.4677913E-03   0.1279430E-03   0.7610645E-04   0.5483098E-04   0.3545515E-04   0.1749406E-04   0.1585065E-05  -0.2262815E-04  -0.5357185E-04  -0.7409766E-04  -0.9315164E-04  -0.1050478E-03  -0.1209527E-03  -0.1328524E-03  -0.1642299E-03  -0.1641182E-03  -0.1706655E-03  -0.1677548E-03  -0.1728268E-03
0.1125128E-03   0.1326871E-03   0.1161368E-03   0.1097406E-03   0.1064298E-03   0.1321031E-03   0.1279430E-03   0.3952333E-03   0.1101963E-03   0.6393953E-04   0.5925305E-04   0.2485507E-04  -0.1035995E-04  -0.2289907E-04  -0.5048267E-04  -0.7558201E-04  -0.8234739E-04  -0.9322269E-04  -0.1044557E-03  -0.1351474E-03  -0.1511939E-03  -0.1438890E-03  -0.1500068E-03  -0.1520198E-03  -0.1513870E-03
0.6158600E-04   0.6991160E-04   0.7632514E-04   0.7321169E-04   0.7121949E-04   0.1007101E-03   0.7610645E-04   0.1101963E-03   0.4205675E-03   0.7219080E-04   0.4560503E-04   0.2666860E-04  -0.6831552E-05  -0.1345892E-04  -0.3003033E-04  -0.5538040E-04  -0.7016610E-04  -0.7909047E-04  -0.8292750E-04  -0.1124528E-03  -0.1142814E-03  -0.1264809E-03  -0.1307857E-03  -0.1284213E-03  -0.1213322E-03
0.2804992E-04   0.4323197E-04   0.3392975E-04   0.5649493E-04   0.5242963E-04   0.5337625E-04   0.5483098E-04   0.6393953E-04   0.7219080E-04   0.3428878E-03   0.6738871E-04   0.2750367E-04   0.1316868E-04  -0.3790563E-05  -0.2822494E-04  -0.3359750E-04  -0.3727136E-04  -0.4994880E-04  -0.7620529E-04  -0.7103794E-04  -0.9099181E-04  -0.8375358E-04  -0.1021065E-03  -0.1063436E-03  -0.1144960E-03
0.8179138E-05   0.8300290E-05  -0.7518456E-06   0.1192975E-04   0.2352518E-04   0.3712672E-04   0.3545515E-04   0.5925305E-04   0.4560503E-04   0.6738871E-04   0.3903961E-03   0.5260558E-04   0.1089515E-04  -0.2870742E-06   0.2670718E-05  -0.3327913E-04  -0.3435363E-04  -0.4401085E-04  -0.6172826E-04  -0.6884965E-04  -0.7302430E-04  -0.7732733E-04  -0.7476152E-04  -0.8745996E-04  -0.9386018E-04
-0.3732074E-04  -0.3141759E-04  -0.2897170E-04  -0.1291943E-04  -0.2094775E-04   0.5318094E-05   0.1749406E-04   0.2485507E-04   0.2666860E-04   0.2750367E-04   0.5260558E-04   0.3095818E-03   0.4164982E-04   0.2026459E-04   0.1044249E-04   0.8070628E-05   0.2564027E-05  -0.1329592E-04  -0.2473178E-04  -0.2992856E-04  -0.4646289E-04  -0.4876877E-04  -0.4998672E-04  -0.6766416E-04  -0.6550545E-04
-0.9219297E-04  -0.9410613E-04  -0.7909634E-04  -0.6053685E-04  -0.5988743E-04  -0.3186723E-04   0.1585065E-05  -0.1035995E-04  -0.6831552E-05   0.1316868E-04   0.1089515E-04   0.4164982E-04   0.3595532E-03   0.4057233E-04   0.1899410E-04   0.7914502E-05   0.1740880E-04   0.1581716E-04  -0.5166257E-05  -0.8395577E-05  -0.3907560E-05  -0.5126792E-05  -0.8112007E-05  -0.1897866E-04  -0.3054023E-04
-0.9610936E-04  -0.1044754E-03  -0.8026580E-04  -0.6490241E-04  -0.7412442E-04  -0.5160426E-04  -0.2262815E-04  -0.2289907E-04  -0.1345892E-04  -0.3790563E-05  -0.2870742E-06   0.2026459E-04   0.4057233E-04   0.2982058E-03   0.4581526E-04   0.3106252E-04   0.3373915E-04   0.2186880E-04   0.1304506E-04   0.7445628E-05   0.1601953E-04   0.3492250E-05   0.1099021E-04   0.5104846E-05  -0.3678668E-05
-0.1176710E-03  -0.1119085E-03  -0.9012038E-04  -0.8133734E-04  -0.9103194E-04  -0.7312922E-04  -0.5357185E-04  -0.5048267E-04  -0.3003033E-04  -0.2822494E-04   0.2670718E-05   0.1044249E-04   0.1899410E-04   0.4581526E-04   0.3574755E-03   0.6145530E-04   0.4136666E-04   0.2345835E-04   0.1196330E-04   0.3239054E-04   0.2836743E-04   0.1661627E-04   0.4883536E-05   0.2790857E-04   0.2502628E-04
-0.1631371E-03  -0.1442540E-03  -0.1332325E-03  -0.1189714E-03  -0.1180346E-03  -0.1063270E-03  -0.7409766E-04  -0.7558201E-04  -0.5538040E-04  -0.3359750E-04  -0.3327913E-04   0.8070628E-05   0.7914502E-05   0.3106252E-04   0.6145530E-04   0.3416851E-03   0.8855847E-04   0.5592387E-04   0.5012111E-04   0.6878675E-04   0.6486565E-04   0.5878856E-04   0.5030115E-04   0.4847269E-04   0.5787625E-04
-0.1646543E-03  -0.1717692E-03  -0.1577269E-03  -0.1466920E-03  -0.1259600E-03  -0.1121585E-03  -0.9315164E-04  -0.8234739E-04  -0.7016610E-04  -0.3727136E-04  -0.3435363E-04   0.2564027E-05   0.1740880E-04   0.3373915E-04   0.4136666E-04   0.8855847E-04   0.3837211E-03   0.7108393E-04   0.6531190E-04   0.6336074E-04   0.7202323E-04   0.6674581E-04   0.6933351E-04   0.7012466E-04   0.7275736E-04
-0.1776056E-03  -0.1629951E-03  -0.1565055E-03  -0.1558101E-03  -0.1407804E-03  -0.1157616E-03  -0.1050478E-03  -0.9322269E-04  -0.7909047E-04  -0.4994880E-04  -0.4401085E-04  -0.1329592E-04   0.1581716E-04   0.2186880E-04   0.2345835E-04   0.5592387E-04   0.7108393E-04   0.3395135E-03   0.9622773E-04   0.9839257E-04   0.8374687E-04   0.1047390E-03   0.9770158E-04   0.1022595E-03   0.9125925E-04
-0.2070856E-03  -0.2029063E-03  -0.1827119E-03  -0.1596869E-03  -0.1624322E-03  -0.1534168E-03  -0.1209527E-03  -0.1044557E-03  -0.8292750E-04  -0.7620529E-04  -0.6172826E-04  -0.2473178E-04  -0.5166257E-05   0.1304506E-04   0.1196330E-04   0.5012111E-04   0.6531190E-04   0.9622773E-04   0.4050545E-03   0.1347434E-03   0.1144805E-03   0.1120687E-03   0.1319669E-03   0.1368492E-03   0.1329770E-03
-0.2509797E-03  -0.2196929E-03  -0.1877158E-03  -0.1830833E-03  -0.1736643E-03  -0.1530283E-03  -0.1328524E-03  -0.1351474E-03  -0.1124528E-03  -0.7103794E-04  -0.6884965E-04  -0.2992856E-04  -0.8395577E-05   0.7445628E-05   0.3239054E-04   0.6878675E-04   0.6336074E-04   0.9839257E-04   0.1347434E-03   0.4058901E-03   0.1640383E-03   0.1463375E-03   0.1460855E-03   0.1418687E-03   0.1497422E-03
-0.2557749E-03  -0.2491434E-03  -0.2177268E-03  -0.2245466E-03  -0.1842928E-03  -0.1701898E-03  -0.1642299E-03  -0.1511939E-03  -0.1142814E-03  -0.9099181E-04  -0.7302430E-04  -0.4646289E-04  -0.3907560E-05   0.1601953E-04   0.2836743E-04   0.6486565E-04   0.7202323E-04   0.8374687E-04   0.1144805E-03   0.1640383E-03   0.4864130E-03   0.1928529E-03   0.1746771E-03   0.1846692E-03   0.1717083E-03
-0.2627154E-03  -0.2387813E-03  -0.2253899E-03  -0.2094474E-03  -0.1858641E-03  -0.1733895E-03  -0.1641182E-03  -0.1438890E-03  -0.1264809E-03  -0.8375358E-04  -0.7732733E-04  -0.4876877E-04  -0.5126792E-05   0.3492250E-05   0.1661627E-04   0.5878856E-04   0.6674581E-04   0.1047390E-03   0.1120687E-03   0.1463375E-03   0.1928529E-03   0.4474944E-03   0.2043554E-03   0.1937151E-03   0.1898113E-03
-0.2766309E-03  -0.2532966E-03  -0.2292474E-03  -0.2265297E-03  -0.2049868E-03  -0.1751596E-03  -0.1706655E-03  -0.1500068E-03  -0.1307857E-03  -0.1021065E-03  -0.7476152E-04  -0.4998672E-04  -0.8112007E-05   0.1099021E-04   0.4883536E-05   0.5030115E-04   0.6933351E-04   0.9770158E-04   0.1319669E-03   0.1460855E-03   0.1746771E-03   0.2043554E-03   0.5127875E-03   0.2259897E-03   0.2044534E-03
-0.2744713E-03  -0.2558156E-03  -0.2382683E-03  -0.2401639E-03  -0.2091775E-03  -0.1787587E-03  -0.1677548E-03  -0.1520198E-03  -0.1284213E-03  -0.1063436E-03  -0.8745996E-04  -0.6766416E-04  -0.1897866E-04   0.5104846E-05   0.2790857E-04   0.4847269E-04   0.7012466E-04   0.1022595E-03   0.1368492E-03   0.1418687E-03   0.1846692E-03   0.1937151E-03   0.2259897E-03   0.4977009E-03   0.2462582E-03
-0.2744468E-03  -0.2693696E-03  -0.2345085E-03  -0.2444093E-03  -0.2045639E-03  -0.1955903E-03  -0.1728268E-03  -0.1513870E-03  -0.1213322E-03  -0.1144960E-03  -0.9386018E-04  -0.6550545E-04  -0.3054023E-04  -0.3678668E-05   0.2502628E-04   0.5787625E-04   0.7275736E-04   0.9125925E-04   0.1329770E-03   0.1497422E-03   0.1717083E-03   0.1898113E-03   0.2044534E-03   0.2462582E-03   0.5564683E-03
