0.1411524E-02   0.8893751E-03   0.7231232E-03   0.6059185E-03   0.5101025E-03   0.4110820E-03   0.3089166E-03   0.2520765E-03   0.1401428E-03   0.5413836E-04   0.3491730E-04  -0.6002520E-04  -0.1322271E-03  -0.1579505E-03  -0.2070888E-03  -0.3139168E-03  -0.3266639E-03  -0.3562922E-03  -0.4074926E-03  -0.4263293E-03  -0.4499866E-03  -0.4866474E-03  -0.5096593E-03  -0.5165626E-03  -0.5021386E-03
0.8893751E-03   0.1164671E-02   0.6865605E-03   0.5628406E-03   0.4826104E-03   0.3924763E-03   0.2834273E-03   0.2406468E-03   0.1408458E-03   0.5821587E-04   0.3046664E-04  -0.3480801E-04  -0.1032884E-03  -0.1367654E-03  -0.1852792E-03  -0.2609317E-03  -0.3013818E-03  -0.3381061E-03  -0.3873732E-03  -0.3970232E-03  -0.4129066E-03  -0.4638617E-03  -0.4684472E-03  -0.4915017E-03  -0.4807239E-03
0.7231232E-03   0.6865605E-03   0.8854192E-03   0.5506063E-03   0.4591110E-03   0.3891840E-03   0.2909560E-03   0.2503389E-03   0.1533480E-03   0.7208020E-04   0.4022509E-04  -0.2671951E-04  -0.8480475E-04  -0.1299150E-03  -0.1738803E-03  -0.2520708E-03  -0.2668985E-03  -0.3156102E-03  -0.3565330E-03  -0.3657045E-03  -0.3771314E-03  -0.3988697E-03  -0.4365767E-03  -0.4479978E-03  -0.4425837E-03
0.6059185E-03   0.5628406E-03   0.5506063E-03   0.8579628E-03   0.4433146E-03   0.3803596E-03   0.2933705E-03   0.2591437E-03   0.1693939E-03   0.9894715E-04   0.4519677E-04  -0.1272110E-04  -0.6554644E-04  -0.9914085E-04  -0.1422212E-03  -0.2141958E-03  -0.2607843E-03  -0.2928857E-03  -0.3410997E-03  -0.3453462E-03  -0.3624347E-03  -0.3969338E-03  -0.4340418E-03  -0.4437813E-03  -0.4238444E-03
0.5101025E-03   0.4826104E-03   0.4591110E-03   0.4433146E-03   0.7376355E-03   0.3625603E-03   0.2726594E-03   0.2389205E-03   0.1536536E-03   0.9804031E-04   0.5010059E-04   0.1593015E-05  -0.5093956E-04  -0.9476793E-04  -0.1291090E-03  -0.1975747E-03  -0.2309073E-03  -0.2602373E-03  -0.2997139E-03  -0.3177764E-03  -0.3357666E-03  -0.3699954E-03  -0.3826711E-03  -0.3899087E-03  -0.3691318E-03
0.4110820E-03   0.3924763E-03   0.3891840E-03   0.3803596E-03   0.3625603E-03   0.5911871E-03   0.2548560E-03   0.2198605E-03   0.1596040E-03   0.1009308E-03   0.5664229E-04   0.8580140E-05  -0.4077730E-04  -0.6934589E-04  -0.1033048E-03  -0.1620206E-03  -0.1841780E-03  -0.2153835E-03  -0.2651726E-03  -0.2649266E-03  -0.3053941E-03  -0.3107716E-03  -0.3520668E-03  -0.3486956E-03  -0.3485169E-03
0.3089166E-03   0.2834273E-03   0.2909560E-03   0.2933705E-03   0.2726594E-03   0.2548560E-03   0.5706640E-03   0.2228472E-03   0.1594328E-03   0.1131810E-03   0.7450189E-04   0.1442127E-04  -0.2319174E-04  -0.5050863E-04  -0.8288042E-04  -0.1365918E-03  -0.1576530E-03  -0.1769532E-03  -0.2230360E-03  -0.2351624E-03  -0.2599831E-03  -0.2808516E-03  -0.3045673E-03  -0.3127375E-03  -0.2926286E-03
0.2520765E-03   0.2406468E-03   0.2503389E-03   0.2591437E-03   0.2389205E-03   0.2198605E-03   0.2228472E-03   0.4735744E-03   0.1808848E-03   0.1231248E-03   0.8109416E-04   0.3191864E-04  -0.1137326E-04  -0.2746575E-04  -0.5348828E-04  -0.1156455E-03  -0.1511496E-03  -0.1690430E-03  -0.1977129E-03  -0.2175711E-03  -0.2398664E-03  -0.2607194E-03  -0.2791397E-03  -0.2780787E-03  -0.2812550E-03
0.1401428E-03   0.1408458E-03   0.1533480E-03   0.1693939E-03   0.1536536E-03   0.1596040E-03   0.1594328E-03   0.1808848E-03   0.4622944E-03   0.1280050E-03   0.8380067E-04   0.4912683E-04   0.6784536E-05  -0.8665003E-05  -0.3928224E-04  -0.7790005E-04  -0.1087456E-03  -0.1187584E-03  -0.1506843E-03  -0.1709066E-03  -0.1955545E-03  -0.2132906E-03  -0.2210964E-03  -0.2197398E-03  -0.2239069E-03
0.5413836E-04   0.5821587E-04   0.7208020E-04   0.9894715E-04   0.9804031E-04   0.1009308E-03   0.1131810E-03   0.1231248E-03   0.1280050E-03   0.3851943E-03   0.1022314E-03   0.6351001E-04   0.4129840E-04   0.1834273E-04  -0.6682145E-05  -0.3089363E-04  -0.6469079E-04  -0.9523119E-04  -0.1091775E-03  -0.1246614E-03  -0.1448492E-03  -0.1584597E-03  -0.1794888E-03  -0.1776353E-03  -0.1778006E-03
0.3491730E-04   0.3046664E-04   0.4022509E-04   0.4519677E-04   0.5010059E-04   0.5664229E-04   0.7450189E-04   0.8109416E-04   0.8380067E-04   0.1022314E-03   0.3962069E-03   0.9038849E-04   0.5439655E-04   0.2121678E-04  -0.5304463E-05  -0.2135544E-04  -0.5780314E-04  -0.7426759E-04  -0.7389967E-04  -0.9946614E-04  -0.1132218E-03  -0.1379253E-03  -0.1461584E-03  -0.1444763E-03  -0.1462184E-03
-0.6002520E-04  -0.3480801E-04  -0.2671951E-04  -0.1272110E-04   0.1593015E-05   0.8580140E-05   0.1442127E-04   0.3191864E-04   0.4912683E-04   0.6351001E-04   0.9038849E-04   0.3140018E-03   0.7393278E-04   0.3531785E-04   0.2564278E-04   0.1864119E-05  -0.3573590E-05  -0.3594377E-04  -0.3957661E-04  -0.4740464E-04  -0.5185921E-04  -0.7450122E-04  -0.7989984E-04  -0.8124511E-04  -0.8081079E-04
-0.1322271E-03  -0.1032884E-03  -0.8480475E-04  -0.6554644E-04  -0.5093956E-04  -0.4077730E-04  -0.2319174E-04  -0.1137326E-04   0.6784536E-05   0.4129840E-04   0.5439655E-04   0.7393278E-04   0.3608113E-03   0.6998808E-04   0.3371486E-04   0.3828666E-04   0.1096503E-04   0.2745606E-05   0.7910382E-05  -0.7521725E-05  -0.1462030E-04  -0.2224869E-04  -0.3829727E-04  -0.3218596E-04  -0.3361914E-04
-0.1579505E-03  -0.1367654E-03  -0.1299150E-03  -0.9914085E-04  -0.9476793E-04  -0.6934589E-04  -0.5050863E-04  -0.2746575E-04  -0.8665003E-05   0.1834273E-04   0.2121678E-04   0.3531785E-04   0.6998808E-04   0.3137904E-03   0.8267459E-04   0.6317492E-04   0.4604060E-04   0.3585406E-04   0.4281144E-04   0.2089108E-04   0.1836513E-04   0.1094647E-04  -0.3699973E-05   0.1972951E-05  -0.7363712E-05
-0.2070888E-03  -0.1852792E-03  -0.1738803E-03  -0.1422212E-03  -0.1291090E-03  -0.1033048E-03  -0.8288042E-04  -0.5348828E-04  -0.3928224E-04  -0.6682145E-05  -0.5304463E-05   0.2564278E-04   0.3371486E-04   0.8267459E-04   0.3604434E-03   0.8887747E-04   0.6781916E-04   0.6622701E-04   0.5785671E-04   0.5495043E-04   0.6460107E-04   0.5910100E-04   0.4651075E-04   0.4442317E-04   0.4280441E-04
-0.3139168E-03  -0.2609317E-03  -0.2520708E-03  -0.2141958E-03  -0.1975747E-03  -0.1620206E-03  -0.1365918E-03  -0.1156455E-03  -0.7790005E-04  -0.3089363E-04  -0.2135544E-04   0.1864119E-05   0.3828666E-04   0.6317492E-04   0.8887747E-04   0.3606000E-03   0.1323293E-03   0.1022144E-03   0.1361039E-03   0.1112611E-03   0.1124079E-03   0.1171820E-03   0.1397873E-03   0.1265908E-03   0.1194173E-03
-0.3266639E-03  -0.3013818E-03  -0.2668985E-03  -0.2607843E-03  -0.2309073E-03  -0.1841780E-03  -0.1576530E-03  -0.1511496E-03  -0.1087456E-03  -0.6469079E-04  -0.5780314E-04  -0.3573590E-05   0.1096503E-04   0.4604060E-04   0.6781916E-04   0.1323293E-03   0.4355671E-03   0.1619248E-03   0.1642859E-03   0.1476576E-03   0.1543234E-03   0.1488373E-03   0.1595413E-03   0.1762718E-03   0.1519866E-03
-0.3562922E-03  -0.3381061E-03  -0.3156102E-03  -0.2928857E-03  -0.2602373E-03  -0.2153835E-03  -0.1769532E-03  -0.1690430E-03  -0.1187584E-03  -0.9523119E-04  -0.7426759E-04  -0.3594377E-04   0.2745606E-05   0.3585406E-04   0.6622701E-04   0.1022144E-03   0.1619248E-03   0.4162861E-03   0.2133736E-03   0.1980272E-03   0.1929525E-03   0.2139140E-03   0.2158282E-03   0.2170357E-03   0.2071800E-03
-0.4074926E-03  -0.3873732E-03  -0.3565330E-03  -0.3410997E-03  -0.2997139E-03  -0.2651726E-03  -0.2230360E-03  -0.1977129E-03  -0.1506843E-03  -0.1091775E-03  -0.7389967E-04  -0.3957661E-04   0.7910382E-05   0.4281144E-04   0.5785671E-04   0.1361039E-03   0.1642859E-03   0.2133736E-03   0.5088443E-03   0.2511337E-03   0.2225368E-03   0.2391636E-03   0.2484771E-03   0.2616167E-03   0.2521506E-03
-0.4263293E-03  -0.3970232E-03  -0.3657045E-03  -0.3453462E-03  -0.3177764E-03  -0.2649266E-03  -0.2351624E-03  -0.2175711E-03  -0.1709066E-03  -0.1246614E-03  -0.9946614E-04  -0.4740464E-04  -0.7521725E-05   0.2089108E-04   0.5495043E-04   0.1112611E-03   0.1476576E-03   0.1980272E-03   0.2511337E-03   0.4751343E-03   0.2805370E-03   0.2876757E-03   0.3016628E-03   0.3055335E-03   0.2884795E-03
-0.4499866E-03  -0.4129066E-03  -0.3771314E-03  -0.3624347E-03  -0.3357666E-03  -0.3053941E-03  -0.2599831E-03  -0.2398664E-03  -0.1955545E-03  -0.1448492E-03  -0.1132218E-03  -0.5185921E-04  -0.1462030E-04   0.1836513E-04   0.6460107E-04   0.1124079E-03   0.1543234E-03   0.1929525E-03   0.2225368E-03   0.2805370E-03   0.5739626E-03   0.3438178E-03   0.3207362E-03   0.3161581E-03   0.3291450E-03
-0.4866474E-03  -0.4638617E-03  -0.3988697E-03  -0.3969338E-03  -0.3699954E-03  -0.3107716E-03  -0.2808516E-03  -0.2607194E-03  -0.2132906E-03  -0.1584597E-03  -0.1379253E-03  -0.7450122E-04  -0.2224869E-04   0.1094647E-04   0.5910100E-04   0.1171820E-03   0.1488373E-03   0.2139140E-03   0.2391636E-03   0.2876757E-03   0.3438178E-03   0.6058394E-03   0.4086505E-03   0.3878575E-03   0.3694036E-03
-0.5096593E-03  -0.4684472E-03  -0.4365767E-03  -0.4340418E-03  -0.3826711E-03  -0.3520668E-03  -0.3045673E-03  -0.2791397E-03  -0.2210964E-03  -0.1794888E-03  -0.1461584E-03  -0.7989984E-04  -0.3829727E-04  -0.3699973E-05   0.4651075E-04   0.1397873E-03   0.1595413E-03   0.2158282E-03   0.2484771E-03   0.3016628E-03   0.3207362E-03   0.4086505E-03   0.7156361E-03   0.4480912E-03   0.4036457E-03
-0.5165626E-03  -0.4915017E-03  -0.4479978E-03  -0.4437813E-03  -0.3899087E-03  -0.3486956E-03  -0.3127375E-03  -0.2780787E-03  -0.2197398E-03  -0.1776353E-03  -0.1444763E-03  -0.8124511E-04  -0.3218596E-04   0.1972951E-05   0.4442317E-04   0.1265908E-03   0.1762718E-03   0.2170357E-03   0.2616167E-03   0.3055335E-03   0.3161581E-03   0.3878575E-03   0.4480912E-03   0.6952110E-03   0.4620986E-03
-0.5021386E-03  -0.4807239E-03  -0.4425837E-03  -0.4238444E-03  -0.3691318E-03  -0.3485169E-03  -0.2926286E-03  -0.2812550E-03  -0.2239069E-03  -0.1778006E-03  -0.1462184E-03  -0.8081079E-04  -0.3361914E-04  -0.7363712E-05   0.4280441E-04   0.1194173E-03   0.1519866E-03   0.2071800E-03   0.2521506E-03   0.2884795E-03   0.3291450E-03   0.3694036E-03   0.4036457E-03   0.4620986E-03   0.7201992E-03
