0.7343371E-03   0.4337052E-03   0.3739458E-03   0.3091501E-03   0.2450756E-03   0.2093907E-03   0.1518816E-03   0.1084514E-03   0.7496149E-04   0.3127302E-04   0.7587430E-05  -0.2551162E-04  -0.6290003E-04  -0.9535025E-04  -0.9812793E-04  -0.1445971E-03  -0.1490948E-03  -0.1815255E-03  -0.1995906E-03  -0.2209193E-03  -0.2352524E-03  -0.2402905E-03  -0.2669601E-03  -0.2545680E-03  -0.2503077E-03
0.4337052E-03   0.5903635E-03   0.3469607E-03   0.2779598E-03   0.2305623E-03   0.1929995E-03   0.1502304E-03   0.1116284E-03   0.7901525E-04   0.3821031E-04   0.4190423E-05  -0.1969747E-04  -0.4964648E-04  -0.7949283E-04  -0.9949343E-04  -0.1300157E-03  -0.1444030E-03  -0.1725588E-03  -0.1822640E-03  -0.1900017E-03  -0.2177029E-03  -0.2116179E-03  -0.2489042E-03  -0.2296852E-03  -0.2412446E-03
0.3739458E-03   0.3469607E-03   0.4884877E-03   0.2760099E-03   0.2253511E-03   0.1890355E-03   0.1471048E-03   0.1062211E-03   0.8544660E-04   0.4217103E-04   0.8357933E-05  -0.1388472E-04  -0.4782106E-04  -0.7259316E-04  -0.9418892E-04  -0.1206294E-03  -0.1262073E-03  -0.1632383E-03  -0.1661624E-03  -0.1880583E-03  -0.2075858E-03  -0.2017350E-03  -0.2266614E-03  -0.2190838E-03  -0.2270174E-03
0.3091501E-03   0.2779598E-03   0.2760099E-03   0.4568319E-03   0.2227713E-03   0.1804293E-03   0.1417041E-03   0.1130404E-03   0.8162405E-04   0.4842581E-04   0.2001864E-04  -0.4833038E-05  -0.4742964E-04  -0.5897779E-04  -0.6518140E-04  -0.1022041E-03  -0.1127518E-03  -0.1487814E-03  -0.1577887E-03  -0.1671270E-03  -0.1967938E-03  -0.1949178E-03  -0.2223229E-03  -0.2139970E-03  -0.2150091E-03
0.2450756E-03   0.2305623E-03   0.2253511E-03   0.2227713E-03   0.4042003E-03   0.1766378E-03   0.1417175E-03   0.1143609E-03   0.8975714E-04   0.4575876E-04   0.2026204E-04   0.2838355E-05  -0.3404202E-04  -0.5822005E-04  -0.7342845E-04  -0.9774432E-04  -0.1082413E-03  -0.1291279E-03  -0.1493459E-03  -0.1563817E-03  -0.1724510E-03  -0.1757442E-03  -0.1950821E-03  -0.1908827E-03  -0.1835307E-03
0.2093907E-03   0.1929995E-03   0.1890355E-03   0.1804293E-03   0.1766378E-03   0.3118569E-03   0.1364121E-03   0.1013630E-03   0.8512655E-04   0.5584607E-04   0.3945205E-04   0.7635027E-05  -0.1804644E-04  -0.3817333E-04  -0.6538423E-04  -0.8439476E-04  -0.9461699E-04  -0.1210099E-03  -0.1317377E-03  -0.1377222E-03  -0.1508035E-03  -0.1546825E-03  -0.1802435E-03  -0.1678658E-03  -0.1632988E-03
0.1518816E-03   0.1502304E-03   0.1471048E-03   0.1417041E-03   0.1417175E-03   0.1364121E-03   0.3126607E-03   0.1075898E-03   0.9241531E-04   0.5699167E-04   0.4004667E-04   0.1550831E-04  -0.1497479E-04  -0.2872318E-04  -0.4539933E-04  -0.6737655E-04  -0.8276008E-04  -0.9719319E-04  -0.1158318E-03  -0.1277929E-03  -0.1358154E-03  -0.1374222E-03  -0.1634075E-03  -0.1558793E-03  -0.1524437E-03
0.1084514E-03   0.1116284E-03   0.1062211E-03   0.1130404E-03   0.1143609E-03   0.1013630E-03   0.1075898E-03   0.2475344E-03   0.8113452E-04   0.5918794E-04   0.3871053E-04   0.2353010E-04  -0.2609923E-05  -0.1524544E-04  -0.3307722E-04  -0.5034857E-04  -0.6293524E-04  -0.8324797E-04  -0.9520578E-04  -0.1063370E-03  -0.1157634E-03  -0.1207739E-03  -0.1288109E-03  -0.1302287E-03  -0.1304268E-03
0.7496149E-04   0.7901525E-04   0.8544660E-04   0.8162405E-04   0.8975714E-04   0.8512655E-04   0.9241531E-04   0.8113452E-04   0.2681278E-03   0.6570738E-04   0.4198425E-04   0.2339142E-04   0.5500325E-05  -0.8204733E-05  -0.2425859E-04  -0.4524755E-04  -0.5598944E-04  -0.7050028E-04  -0.7632126E-04  -0.9344542E-04  -0.9760502E-04  -0.1086234E-03  -0.1279541E-03  -0.1237287E-03  -0.1183910E-03
0.3127302E-04   0.3821031E-04   0.4217103E-04   0.4842581E-04   0.4575876E-04   0.5584607E-04   0.5699167E-04   0.5918794E-04   0.6570738E-04   0.2175550E-03   0.5804694E-04   0.3087382E-04   0.1822221E-04   0.1368662E-06   0.5065268E-06  -0.2639907E-04  -0.4575423E-04  -0.4814585E-04  -0.5086352E-04  -0.6700660E-04  -0.7382148E-04  -0.7937825E-04  -0.9735686E-04  -0.8520488E-04  -0.9140057E-04
0.7587430E-05   0.4190423E-05   0.8357933E-05   0.2001864E-04   0.2026204E-04   0.3945205E-04   0.4004667E-04   0.3871053E-04   0.4198425E-04   0.5804694E-04   0.2428497E-03   0.3554394E-04   0.1302163E-04   0.1313670E-04   0.2548208E-05  -0.1206783E-04  -0.2729340E-04  -0.3628140E-04  -0.4239271E-04  -0.4907782E-04  -0.5892140E-04  -0.6335429E-04  -0.6956968E-04  -0.7295671E-04  -0.7208229E-04
-0.2551162E-04  -0.1969747E-04  -0.1388472E-04  -0.4833038E-05   0.2838355E-05   0.7635027E-05   0.1550831E-04   0.2353010E-04   0.2339142E-04   0.3087382E-04   0.3554394E-04   0.1825605E-03   0.3040664E-04   0.2515989E-04   0.9900129E-05   0.4116001E-05  -0.9433986E-05  -0.1375700E-04  -0.1972452E-04  -0.2413033E-04  -0.3378089E-04  -0.3226333E-04  -0.4572938E-04  -0.4739030E-04  -0.4972443E-04
-0.6290003E-04  -0.4964648E-04  -0.4782106E-04  -0.4742964E-04  -0.3404202E-04  -0.1804644E-04  -0.1497479E-04  -0.2609923E-05   0.5500325E-05   0.1822221E-04   0.1302163E-04   0.3040664E-04   0.2193721E-03   0.3796967E-04   0.5225810E-05   0.1575585E-04   0.8269310E-05   0.1341184E-04  -0.3592482E-06   0.1448514E-05  -0.2265670E-05  -0.1696394E-04  -0.1079642E-04  -0.2029690E-04  -0.2125210E-04
-0.9535025E-04  -0.7949283E-04  -0.7259316E-04  -0.5897779E-04  -0.5822005E-04  -0.3817333E-04  -0.2872318E-04  -0.1524544E-04  -0.8204733E-05   0.1368662E-06   0.1313670E-04   0.2515989E-04   0.3796967E-04   0.1879511E-03   0.4602546E-04   0.3290470E-04   0.2565435E-04   0.2232179E-04   0.2272943E-04   0.1307190E-04   0.1174051E-04   0.7967481E-05   0.1105401E-04   0.1956347E-05  -0.3813025E-05
-0.9812793E-04  -0.9949343E-04  -0.9418892E-04  -0.6518140E-04  -0.7342845E-04  -0.6538423E-04  -0.4539933E-04  -0.3307722E-04  -0.2425859E-04   0.5065268E-06   0.2548208E-05   0.9900129E-05   0.5225810E-05   0.4602546E-04   0.2322529E-03   0.4650656E-04   0.3622263E-04   0.3337127E-04   0.2103217E-04   0.3345803E-04   0.3198476E-04   0.2805008E-04   0.2838197E-04   0.1190421E-04   0.1387936E-04
-0.1445971E-03  -0.1300157E-03  -0.1206294E-03  -0.1022041E-03  -0.9774432E-04  -0.8439476E-04  -0.6737655E-04  -0.5034857E-04  -0.4524755E-04  -0.2639907E-04  -0.1206783E-04   0.4116001E-05   0.1575585E-04   0.3290470E-04   0.4650656E-04   0.2114875E-03   0.6394686E-04   0.5772197E-04   0.5982557E-04   0.5718027E-04   0.5883822E-04   0.5605304E-04   0.5990466E-04   0.5375390E-04   0.4760852E-04
-0.1490948E-03  -0.1444030E-03  -0.1262073E-03  -0.1127518E-03  -0.1082413E-03  -0.9461699E-04  -0.8276008E-04  -0.6293524E-04  -0.5598944E-04  -0.4575423E-04  -0.2729340E-04  -0.9433986E-05   0.8269310E-05   0.2565435E-04   0.3622263E-04   0.6394686E-04   0.2440442E-03   0.7438031E-04   0.6354432E-04   0.6462810E-04   0.6930322E-04   0.7123336E-04   0.7575932E-04   0.7965776E-04   0.7288108E-04
-0.1815255E-03  -0.1725588E-03  -0.1632383E-03  -0.1487814E-03  -0.1291279E-03  -0.1210099E-03  -0.9719319E-04  -0.8324797E-04  -0.7050028E-04  -0.4814585E-04  -0.3628140E-04  -0.1375700E-04   0.1341184E-04   0.2232179E-04   0.3337127E-04   0.5772197E-04   0.7438031E-04   0.2422945E-03   0.9823822E-04   0.9918765E-04   0.1009296E-03   0.1013027E-03   0.1092137E-03   0.1024482E-03   0.1035055E-03
-0.1995906E-03  -0.1822640E-03  -0.1661624E-03  -0.1577887E-03  -0.1493459E-03  -0.1317377E-03  -0.1158318E-03  -0.9520578E-04  -0.7632126E-04  -0.5086352E-04  -0.4239271E-04  -0.1972452E-04  -0.3592482E-06   0.2272943E-04   0.2103217E-04   0.5982557E-04   0.6354432E-04   0.9823822E-04   0.2851318E-03   0.1154482E-03   0.1040876E-03   0.1192053E-03   0.1291091E-03   0.1186673E-03   0.1180794E-03
-0.2209193E-03  -0.1900017E-03  -0.1880583E-03  -0.1671270E-03  -0.1563817E-03  -0.1377222E-03  -0.1277929E-03  -0.1063370E-03  -0.9344542E-04  -0.6700660E-04  -0.4907782E-04  -0.2413033E-04   0.1448514E-05   0.1307190E-04   0.3345803E-04   0.5718027E-04   0.6462810E-04   0.9918765E-04   0.1154482E-03   0.2836667E-03   0.1358318E-03   0.1312455E-03   0.1471250E-03   0.1492143E-03   0.1450932E-03
-0.2352524E-03  -0.2177029E-03  -0.2075858E-03  -0.1967938E-03  -0.1724510E-03  -0.1508035E-03  -0.1358154E-03  -0.1157634E-03  -0.9760502E-04  -0.7382148E-04  -0.5892140E-04  -0.3378089E-04  -0.2265670E-05   0.1174051E-04   0.3198476E-04   0.5883822E-04   0.6930322E-04   0.1009296E-03   0.1040876E-03   0.1358318E-03   0.3399465E-03   0.1588941E-03   0.1744293E-03   0.1705654E-03   0.1684607E-03
-0.2402905E-03  -0.2116179E-03  -0.2017350E-03  -0.1949178E-03  -0.1757442E-03  -0.1546825E-03  -0.1374222E-03  -0.1207739E-03  -0.1086234E-03  -0.7937825E-04  -0.6335429E-04  -0.3226333E-04  -0.1696394E-04   0.7967481E-05   0.2805008E-04   0.5605304E-04   0.7123336E-04   0.1013027E-03   0.1192053E-03   0.1312455E-03   0.1588941E-03   0.3206700E-03   0.1960118E-03   0.1820349E-03   0.1751470E-03
-0.2669601E-03  -0.2489042E-03  -0.2266614E-03  -0.2223229E-03  -0.1950821E-03  -0.1802435E-03  -0.1634075E-03  -0.1288109E-03  -0.1279541E-03  -0.9735686E-04  -0.6956968E-04  -0.4572938E-04  -0.1079642E-04   0.1105401E-04   0.2838197E-04   0.5990466E-04   0.7575932E-04   0.1092137E-03   0.1291091E-03   0.1471250E-03   0.1744293E-03   0.1960118E-03   0.3953993E-03   0.2192024E-03   0.2155207E-03
-0.2545680E-03  -0.2296852E-03  -0.2190838E-03  -0.2139970E-03  -0.1908827E-03  -0.1678658E-03  -0.1558793E-03  -0.1302287E-03  -0.1237287E-03  -0.8520488E-04  -0.7295671E-04  -0.4739030E-04  -0.2029690E-04   0.1956347E-05   0.1190421E-04   0.5375390E-04   0.7965776E-04   0.1024482E-03   0.1186673E-03   0.1492143E-03   0.1705654E-03   0.1820349E-03   0.2192024E-03   0.3667959E-03   0.2263704E-03
-0.2503077E-03  -0.2412446E-03  -0.2270174E-03  -0.2150091E-03  -0.1835307E-03  -0.1632988E-03  -0.1524437E-03  -0.1304268E-03  -0.1183910E-03  -0.9140057E-04  -0.7208229E-04  -0.4972443E-04  -0.2125210E-04  -0.3813025E-05   0.1387936E-04   0.4760852E-04   0.7288108E-04   0.1035055E-03   0.1180794E-03   0.1450932E-03   0.1684607E-03   0.1751470E-03   0.2155207E-03   0.2263704E-03   0.3960700E-03
