0.1275722E-02   0.7402604E-03   0.5810378E-03   0.4507803E-03   0.3806169E-03   0.3110052E-03   0.2324389E-03   0.1759037E-03   0.1164731E-03   0.6693387E-04   0.5279792E-05  -0.4534473E-04  -0.1265861E-03  -0.1393944E-03  -0.1675205E-03  -0.2478539E-03  -0.2400385E-03  -0.2937263E-03  -0.3246496E-03  -0.3504947E-03  -0.3740996E-03  -0.3901710E-03  -0.4010720E-03  -0.4134400E-03  -0.4104048E-03
0.7402604E-03   0.1111268E-02   0.5707075E-03   0.4442759E-03   0.3929935E-03   0.3111418E-03   0.2151219E-03   0.1688231E-03   0.1368730E-03   0.6786361E-04   0.1108138E-04  -0.4092232E-04  -0.1090018E-03  -0.1585190E-03  -0.1633411E-03  -0.2113284E-03  -0.2557117E-03  -0.2836965E-03  -0.3131777E-03  -0.3299592E-03  -0.3598219E-03  -0.3855217E-03  -0.3571841E-03  -0.3989580E-03  -0.4095043E-03
0.5810378E-03   0.5707075E-03   0.8370903E-03   0.4202571E-03   0.3531329E-03   0.3106483E-03   0.2116681E-03   0.1737103E-03   0.1281620E-03   0.5832967E-04   0.3494815E-04  -0.4018371E-04  -0.9617399E-04  -0.1150999E-03  -0.1332477E-03  -0.1920808E-03  -0.2302311E-03  -0.2658408E-03  -0.2740187E-03  -0.2827850E-03  -0.3054679E-03  -0.3360158E-03  -0.3538694E-03  -0.3623680E-03  -0.3364845E-03
0.4507803E-03   0.4442759E-03   0.4202571E-03   0.8057907E-03   0.3351646E-03   0.2936143E-03   0.2126146E-03   0.1723904E-03   0.1465585E-03   0.7339567E-04   0.3742139E-04  -0.1436984E-04  -0.8090647E-04  -0.9561961E-04  -0.1221463E-03  -0.1734965E-03  -0.2185190E-03  -0.2455683E-03  -0.2514976E-03  -0.2787183E-03  -0.2999979E-03  -0.3154369E-03  -0.3078383E-03  -0.3371573E-03  -0.3101805E-03
0.3806169E-03   0.3929935E-03   0.3531329E-03   0.3351646E-03   0.7276392E-03   0.2829784E-03   0.1919598E-03   0.1644350E-03   0.1189830E-03   0.8269934E-04   0.3175969E-04  -0.1133365E-04  -0.8581924E-04  -0.8700036E-04  -0.1051183E-03  -0.1553436E-03  -0.1753292E-03  -0.2271580E-03  -0.2289567E-03  -0.2557673E-03  -0.2625086E-03  -0.2959555E-03  -0.2919579E-03  -0.2938767E-03  -0.2786730E-03
0.3110052E-03   0.3111418E-03   0.3106483E-03   0.2936143E-03   0.2829784E-03   0.5871332E-03   0.2182170E-03   0.1790748E-03   0.1409691E-03   0.7712793E-04   0.5829736E-04   0.6264747E-05  -0.5048938E-04  -0.7517123E-04  -0.1010162E-03  -0.1379402E-03  -0.1625774E-03  -0.1806805E-03  -0.2064754E-03  -0.2221510E-03  -0.2550709E-03  -0.2470334E-03  -0.2800101E-03  -0.2843980E-03  -0.2774753E-03
0.2324389E-03   0.2151219E-03   0.2116681E-03   0.2126146E-03   0.1919598E-03   0.2182170E-03   0.5774512E-03   0.1781625E-03   0.1327769E-03   0.7631603E-04   0.4954534E-04   0.3172511E-04  -0.1240288E-04  -0.4366046E-04  -0.7415843E-04  -0.1140114E-03  -0.1326057E-03  -0.1539657E-03  -0.1743508E-03  -0.2055148E-03  -0.2134428E-03  -0.2230245E-03  -0.2357449E-03  -0.2422236E-03  -0.2387667E-03
0.1759037E-03   0.1688231E-03   0.1737103E-03   0.1723904E-03   0.1644350E-03   0.1790748E-03   0.1781625E-03   0.5085285E-03   0.1675284E-03   0.9341817E-04   0.6136145E-04   0.3290066E-04  -0.1122644E-04  -0.3090479E-04  -0.5425582E-04  -0.9787650E-04  -0.1149340E-03  -0.1374427E-03  -0.1427919E-03  -0.1822513E-03  -0.1911592E-03  -0.2186723E-03  -0.2246442E-03  -0.2112477E-03  -0.2177160E-03
0.1164731E-03   0.1368730E-03   0.1281620E-03   0.1465585E-03   0.1189830E-03   0.1409691E-03   0.1327769E-03   0.1675284E-03   0.5279296E-03   0.1001281E-03   0.6272754E-04   0.2690946E-04   0.3948821E-05  -0.1605031E-04  -0.5372934E-04  -0.7244991E-04  -0.1022772E-03  -0.1204677E-03  -0.1392152E-03  -0.1557938E-03  -0.1547723E-03  -0.2036549E-03  -0.1973166E-03  -0.1944037E-03  -0.1887940E-03
0.6693387E-04   0.6786361E-04   0.5832967E-04   0.7339567E-04   0.8269934E-04   0.7712793E-04   0.7631603E-04   0.9341817E-04   0.1001281E-03   0.4132645E-03   0.8735738E-04   0.4569131E-04   0.2841856E-04   0.1159455E-04  -0.2980553E-04  -0.4554178E-04  -0.5546978E-04  -0.7999271E-04  -0.9772123E-04  -0.1222967E-03  -0.1341529E-03  -0.1187479E-03  -0.1409341E-03  -0.1589516E-03  -0.1446459E-03
0.5279792E-05   0.1108138E-04   0.3494815E-04   0.3742139E-04   0.3175969E-04   0.5829736E-04   0.4954534E-04   0.6136145E-04   0.6272754E-04   0.8735738E-04   0.4838956E-03   0.8613547E-04   0.3758383E-04   0.7664626E-05  -0.1273019E-04  -0.3347705E-04  -0.5125025E-04  -0.5133014E-04  -0.9393023E-04  -0.9668504E-04  -0.9058830E-04  -0.1005335E-03  -0.1210096E-03  -0.1205268E-03  -0.1292263E-03
-0.4534473E-04  -0.4092232E-04  -0.4018371E-04  -0.1436984E-04  -0.1133365E-04   0.6264747E-05   0.3172511E-04   0.3290066E-04   0.2690946E-04   0.4569131E-04   0.8613547E-04   0.3863984E-03   0.7326978E-04   0.3280788E-04   0.1488569E-04   0.1811716E-05  -0.4528703E-05  -0.1212753E-04  -0.4219392E-04  -0.4192424E-04  -0.5514867E-04  -0.6570229E-04  -0.8307082E-04  -0.8956529E-04  -0.1029499E-03
-0.1265861E-03  -0.1090018E-03  -0.9617399E-04  -0.8090647E-04  -0.8581924E-04  -0.5048938E-04  -0.1240288E-04  -0.1122644E-04   0.3948821E-05   0.2841856E-04   0.3758383E-04   0.7326978E-04   0.4338271E-03   0.5595655E-04   0.3273182E-04   0.3383748E-04   0.2125496E-04   0.2112657E-04  -0.1328172E-05  -0.6311106E-05   0.1654134E-05  -0.1184960E-04  -0.4019476E-04  -0.3450786E-04  -0.4727507E-04
-0.1393944E-03  -0.1585190E-03  -0.1150999E-03  -0.9561961E-04  -0.8700036E-04  -0.7517123E-04  -0.4366046E-04  -0.3090479E-04  -0.1605031E-04   0.1159455E-04   0.7664626E-05   0.3280788E-04   0.5595655E-04   0.3797800E-03   0.5728161E-04   0.4823759E-04   0.4556886E-04   0.4073395E-04   0.1859018E-04   0.1173330E-04   0.2750189E-04   0.1565324E-04   0.6901566E-05   0.1486677E-04  -0.2118487E-05
-0.1675205E-03  -0.1633411E-03  -0.1332477E-03  -0.1221463E-03  -0.1051183E-03  -0.1010162E-03  -0.7415843E-04  -0.5425582E-04  -0.5372934E-04  -0.2980553E-04  -0.1273019E-04   0.1488569E-04   0.3273182E-04   0.5728161E-04   0.4195741E-03   0.7622531E-04   0.5759423E-04   0.5768683E-04   0.3951098E-04   0.4102944E-04   0.4591379E-04   0.4109511E-04   0.2196343E-04   0.4868434E-04   0.3512161E-04
-0.2478539E-03  -0.2113284E-03  -0.1920808E-03  -0.1734965E-03  -0.1553436E-03  -0.1379402E-03  -0.1140114E-03  -0.9787650E-04  -0.7244991E-04  -0.4554178E-04  -0.3347705E-04   0.1811716E-05   0.3383748E-04   0.4823759E-04   0.7622531E-04   0.3999843E-03   0.1121352E-03   0.9456328E-04   0.8963509E-04   0.1041935E-03   0.9092971E-04   0.9753675E-04   0.9113584E-04   0.7548945E-04   0.8113842E-04
-0.2400385E-03  -0.2557117E-03  -0.2302311E-03  -0.2185190E-03  -0.1753292E-03  -0.1625774E-03  -0.1326057E-03  -0.1149340E-03  -0.1022772E-03  -0.5546978E-04  -0.5125025E-04  -0.4528703E-05   0.2125496E-04   0.4556886E-04   0.5759423E-04   0.1121352E-03   0.4613887E-03   0.1360034E-03   0.1071034E-03   0.1047235E-03   0.1115762E-03   0.1156860E-03   0.1172643E-03   0.1150037E-03   0.1151466E-03
-0.2937263E-03  -0.2836965E-03  -0.2658408E-03  -0.2455683E-03  -0.2271580E-03  -0.1806805E-03  -0.1539657E-03  -0.1374427E-03  -0.1204677E-03  -0.7999271E-04  -0.5133014E-04  -0.1212753E-04   0.2112657E-04   0.4073395E-04   0.5768683E-04   0.9456328E-04   0.1360034E-03   0.4438741E-03   0.1490384E-03   0.1566929E-03   0.1482872E-03   0.1751481E-03   0.1642151E-03   0.1616718E-03   0.1496997E-03
-0.3246496E-03  -0.3131777E-03  -0.2740187E-03  -0.2514976E-03  -0.2289567E-03  -0.2064754E-03  -0.1743508E-03  -0.1427919E-03  -0.1392152E-03  -0.9772123E-04  -0.9393023E-04  -0.4219392E-04  -0.1328172E-05   0.1859018E-04   0.3951098E-04   0.8963509E-04   0.1071034E-03   0.1490384E-03   0.5176806E-03   0.2131057E-03   0.1733118E-03   0.1816335E-03   0.1930094E-03   0.2098183E-03   0.1928386E-03
-0.3504947E-03  -0.3299592E-03  -0.2827850E-03  -0.2787183E-03  -0.2557673E-03  -0.2221510E-03  -0.2055148E-03  -0.1822513E-03  -0.1557938E-03  -0.1222967E-03  -0.9668504E-04  -0.4192424E-04  -0.6311106E-05   0.1173330E-04   0.4102944E-04   0.1041935E-03   0.1047235E-03   0.1566929E-03   0.2131057E-03   0.5148994E-03   0.2258955E-03   0.2200833E-03   0.2314543E-03   0.2345333E-03   0.2288146E-03
-0.3740996E-03  -0.3598219E-03  -0.3054679E-03  -0.2999979E-03  -0.2625086E-03  -0.2550709E-03  -0.2134428E-03  -0.1911592E-03  -0.1547723E-03  -0.1341529E-03  -0.9058830E-04  -0.5514867E-04   0.1654134E-05   0.2750189E-04   0.4591379E-04   0.9092971E-04   0.1115762E-03   0.1482872E-03   0.1733118E-03   0.2258955E-03   0.5956984E-03   0.2797552E-03   0.2310969E-03   0.2548239E-03   0.2444332E-03
-0.3901710E-03  -0.3855217E-03  -0.3360158E-03  -0.3154369E-03  -0.2959555E-03  -0.2470334E-03  -0.2230245E-03  -0.2186723E-03  -0.2036549E-03  -0.1187479E-03  -0.1005335E-03  -0.6570229E-04  -0.1184960E-04   0.1565324E-04   0.4109511E-04   0.9753675E-04   0.1156860E-03   0.1751481E-03   0.1816335E-03   0.2200833E-03   0.2797552E-03   0.5918374E-03   0.3080565E-03   0.2944441E-03   0.2847707E-03
-0.4010720E-03  -0.3571841E-03  -0.3538694E-03  -0.3078383E-03  -0.2919579E-03  -0.2800101E-03  -0.2357449E-03  -0.2246442E-03  -0.1973166E-03  -0.1409341E-03  -0.1210096E-03  -0.8307082E-04  -0.4019476E-04   0.6901566E-05   0.2196343E-04   0.9113584E-04   0.1172643E-03   0.1642151E-03   0.1930094E-03   0.2314543E-03   0.2310969E-03   0.3080565E-03   0.6866864E-03   0.3446720E-03   0.2969764E-03
-0.4134400E-03  -0.3989580E-03  -0.3623680E-03  -0.3371573E-03  -0.2938767E-03  -0.2843980E-03  -0.2422236E-03  -0.2112477E-03  -0.1944037E-03  -0.1589516E-03  -0.1205268E-03  -0.8956529E-04  -0.3450786E-04   0.1486677E-04   0.4868434E-04   0.7548945E-04   0.1150037E-03   0.1616718E-03   0.2098183E-03   0.2345333E-03   0.2548239E-03   0.2944441E-03   0.3446720E-03   0.6630531E-03   0.3554864E-03
-0.4104048E-03  -0.4095043E-03  -0.3364845E-03  -0.3101805E-03  -0.2786730E-03  -0.2774753E-03  -0.2387667E-03  -0.2177160E-03  -0.1887940E-03  -0.1446459E-03  -0.1292263E-03  -0.1029499E-03  -0.4727507E-04  -0.2118487E-05   0.3512161E-04   0.8113842E-04   0.1151466E-03   0.1496997E-03   0.1928386E-03   0.2288146E-03   0.2444332E-03   0.2847707E-03   0.2969764E-03   0.3554864E-03   0.7198264E-03
